Time	Occupied	bay_id
2019-02-08 23:53:33	0	567
2019-02-08 23:53:33	1	568
2019-02-08 23:53:33	0	570
2019-02-08 23:53:33	1	571
2019-02-08 23:53:33	0	572
2019-02-08 23:53:33	0	573
2019-02-08 23:53:33	0	574
2019-02-08 23:53:33	0	575
2019-02-08 23:53:33	1	576
2019-02-08 23:53:33	1	577
2019-02-08 23:53:33	0	578
2019-02-08 23:53:33	0	579
2019-02-08 23:53:33	1	580
2019-02-08 23:53:33	0	581
2019-02-08 23:53:33	1	585
2019-02-08 23:53:33	0	586
2019-02-08 23:53:33	1	587
2019-02-08 23:53:33	1	588
2019-02-08 23:53:33	0	589
2019-02-08 23:53:33	1	590
2019-02-08 23:53:33	0	591
2019-02-08 23:53:33	1	592
2019-02-08 23:53:33	1	593
2019-02-08 23:53:33	1	594
2019-02-08 23:53:33	0	595
2019-02-08 23:53:33	1	610
2019-02-08 23:53:33	1	623
2019-02-08 23:53:33	1	624
2019-02-08 23:53:33	0	625
2019-02-08 23:53:33	1	626
2019-02-08 23:53:33	0	627
2019-02-08 23:53:33	0	628
2019-02-08 23:53:33	1	629
2019-02-08 23:53:33	1	630
2019-02-08 23:53:33	1	631
2019-02-08 23:53:33	1	632
2019-02-08 23:53:33	1	633
2019-02-08 23:53:33	0	634
2019-02-08 23:53:33	1	635
2019-02-08 23:53:33	0	637
2019-02-08 23:53:33	1	639
2019-02-08 23:53:33	1	641
2019-02-08 23:53:33	1	642
2019-02-08 23:53:33	0	643
2019-02-08 23:53:33	0	644
2019-02-08 23:53:33	1	645
2019-02-08 23:53:33	0	646
2019-02-08 23:53:33	0	649
2019-02-08 23:53:33	0	650
2019-02-08 23:53:33	1	652
2019-02-08 23:53:33	0	655
2019-02-08 23:53:33	0	657
2019-02-08 23:53:33	1	658
2019-02-08 23:53:33	0	659
2019-02-08 23:53:33	1	660
2019-02-08 23:53:33	1	661
2019-02-08 23:53:33	1	662
2019-02-08 23:53:33	0	663
2019-02-08 23:53:33	0	673
2019-02-08 23:53:33	1	674
2019-02-08 23:53:33	0	675
2019-02-08 23:53:33	1	676
2019-02-08 23:53:33	0	677
2019-02-08 23:53:33	1	678
2019-02-08 23:53:33	1	679
2019-02-08 23:53:33	1	680
2019-02-08 23:53:33	1	681
2019-02-08 23:53:33	0	682
2019-02-08 23:53:33	0	683
2019-02-08 23:53:33	1	684
2019-02-08 23:53:33	0	685
2019-02-08 23:53:33	0	686
2019-02-08 23:53:33	1	687
2019-02-08 23:53:33	1	688
2019-02-08 23:53:33	0	690
2019-02-08 23:53:33	1	696
2019-02-08 23:53:33	0	697
2019-02-08 23:53:33	0	698
2019-02-08 23:53:33	0	699
2019-02-08 23:53:33	0	701
2019-02-08 23:53:33	1	702
2019-02-08 23:53:33	1	703
2019-02-08 23:53:33	1	705
2019-02-08 23:53:33	1	706
2019-02-08 23:53:33	1	708
2019-02-08 23:53:33	1	710
2019-02-08 23:53:33	0	712
2019-02-08 23:53:33	1	713
2019-02-08 23:53:33	0	716
2019-02-08 23:53:33	0	718
2019-02-08 23:53:33	0	719
2019-02-08 23:53:33	0	720
2019-02-08 23:53:33	0	721
2019-02-08 23:53:33	0	722
2019-02-08 23:53:33	1	723
2019-02-08 23:53:33	1	724
2019-02-08 23:53:33	1	725
2019-02-08 23:53:33	1	726
2019-02-08 23:53:33	1	727
2019-02-08 23:53:33	0	728
2019-02-08 23:53:33	0	729
2019-02-08 23:53:33	0	730
2019-02-08 23:53:33	0	731
2019-02-08 23:53:33	0	733
2019-02-08 23:53:33	1	734
2019-02-08 23:53:33	1	737
2019-02-08 23:53:33	1	738
2019-02-08 23:53:33	0	739
2019-02-08 23:53:33	0	740
2019-02-08 23:53:33	0	741
2019-02-08 23:53:33	1	742
2019-02-08 23:53:33	1	743
2019-02-08 23:53:33	1	744
2019-02-08 23:53:33	1	745
2019-02-08 23:53:33	1	746
2019-02-08 23:53:33	1	747
2019-02-08 23:53:33	1	748
2019-02-08 23:53:33	1	749
2019-02-08 23:53:33	1	750
2019-02-08 23:53:33	1	751
2019-02-08 23:53:33	1	752
2019-02-08 23:53:33	1	754
2019-02-08 23:53:33	1	755
2019-02-08 23:53:33	1	756
2019-02-08 23:53:33	1	757
2019-02-08 23:53:33	1	758
2019-02-08 23:53:33	1	759
2019-02-08 23:53:33	1	760
2019-02-08 23:53:33	1	763
2019-02-08 23:53:33	1	764
2019-02-08 23:53:33	1	765
2019-02-08 23:53:33	0	766
2019-02-08 23:53:33	0	767
2019-02-08 23:53:33	0	769
2019-02-08 23:53:33	1	770
2019-02-08 23:53:33	1	771
2019-02-08 23:53:33	0	772
2019-02-08 23:53:33	1	773
2019-02-08 23:53:33	0	774
2019-02-08 23:53:33	1	775
2019-02-08 23:53:33	1	776
2019-02-08 23:53:33	1	790
2019-02-08 23:53:33	0	791
2019-02-08 23:53:33	1	792
2019-02-08 23:53:33	1	796
2019-02-08 23:53:33	1	797
2019-02-08 23:53:33	0	799
2019-02-08 23:53:33	0	800
2019-02-08 23:53:33	1	801
2019-02-08 23:53:33	1	802
2019-02-08 23:53:33	0	803
2019-02-08 23:53:33	0	804
2019-02-08 23:53:33	0	806
2019-02-08 23:53:33	0	807
2019-02-08 23:53:33	1	808
2019-02-08 23:53:33	0	809
2019-02-08 23:53:33	0	810
2019-02-08 23:53:33	0	811
2019-02-08 23:53:33	1	813
2019-02-08 23:53:33	0	815
2019-02-08 23:53:33	0	822
2019-02-08 23:53:33	0	823
2019-02-08 23:53:33	0	825
2019-02-08 23:53:33	0	826
2019-02-08 23:53:33	0	827
2019-02-08 23:53:33	1	828
2019-02-08 23:53:33	0	829
2019-02-08 23:53:33	1	830
2019-02-08 23:53:33	1	831
2019-02-08 23:53:33	0	832
2019-02-08 23:53:33	1	833
2019-02-08 23:53:33	1	834
2019-02-08 23:53:33	1	835
2019-02-08 23:53:33	1	836
2019-02-08 23:53:33	1	840
2019-02-08 23:53:33	0	842
2019-02-08 23:53:33	1	843
2019-02-08 23:53:33	0	844
2019-02-08 23:53:33	1	845
2019-02-08 23:53:33	1	846
2019-02-08 23:53:33	1	847
2019-02-08 23:53:33	0	848
2019-02-08 23:53:33	0	850
2019-02-08 23:53:33	0	857
2019-02-08 23:53:33	1	858
2019-02-08 23:53:33	1	862
2019-02-08 23:53:33	1	864
2019-02-08 23:53:33	1	865
2019-02-08 23:53:33	0	866
2019-02-08 23:53:33	1	867
2019-02-08 23:53:33	1	869
2019-02-08 23:53:33	1	873
2019-02-08 23:53:33	1	874
2019-02-08 23:53:33	1	876
2019-02-08 23:53:33	0	878
2019-02-08 23:53:33	0	881
2019-02-08 23:53:33	1	883
2019-02-08 23:53:33	0	884
2019-02-08 23:53:33	1	886
2019-02-08 23:53:33	0	887
2019-02-08 23:53:33	1	888
2019-02-08 23:53:33	1	910
2019-02-08 23:53:33	1	911
2019-02-08 23:53:33	1	912
2019-02-08 23:53:33	1	913
2019-02-08 23:53:33	1	914
2019-02-08 23:53:33	1	916
2019-02-08 23:53:33	1	917
2019-02-08 23:53:33	1	918
2019-02-08 23:53:33	1	919
2019-02-08 23:53:33	1	920
2019-02-08 23:53:33	1	921
2019-02-08 23:53:33	1	927
2019-02-08 23:53:33	0	928
2019-02-08 23:53:33	0	930
2019-02-08 23:53:33	1	932
2019-02-08 23:53:33	1	933
2019-02-08 23:53:33	1	934
2019-02-08 23:53:33	0	939
2019-02-08 23:53:33	1	940
2019-02-08 23:53:33	1	941
2019-02-08 23:53:33	1	942
2019-02-08 23:53:33	1	943
2019-02-08 23:53:33	0	944
2019-02-08 23:53:33	1	945
2019-02-08 23:53:33	1	946
2019-02-08 23:53:33	1	947
2019-02-08 23:53:33	1	948
2019-02-08 23:53:33	1	949
2019-02-08 23:53:33	0	950
2019-02-08 23:53:33	1	951
2019-02-08 23:53:33	1	952
2019-02-08 23:53:33	0	953
2019-02-08 23:53:33	1	954
2019-02-08 23:53:33	1	956
2019-02-08 23:53:33	0	957
2019-02-08 23:53:33	1	958
2019-02-08 23:53:33	1	981
2019-02-08 23:53:33	1	983
2019-02-08 23:53:33	1	984
2019-02-08 23:53:33	1	985
2019-02-08 23:53:33	1	1005
2019-02-08 23:53:33	1	1006
2019-02-08 23:53:33	0	1007
2019-02-08 23:53:33	0	1009
2019-02-08 23:53:33	1	1011
2019-02-08 23:53:33	0	1012
2019-02-08 23:53:33	0	1015
2019-02-08 23:53:33	1	1022
2019-02-08 23:53:33	0	1023
2019-02-08 23:53:33	1	1024
2019-02-08 23:53:33	1	1025
2019-02-08 23:53:33	1	1026
2019-02-08 23:53:33	1	1027
2019-02-08 23:53:33	1	1029
2019-02-08 23:53:33	0	1030
2019-02-08 23:53:33	0	1031
2019-02-08 23:53:33	0	1032
2019-02-08 23:53:33	1	1033
2019-02-08 23:53:33	0	1034
2019-02-08 23:53:33	0	1035
2019-02-08 23:53:33	0	1036
2019-02-08 23:53:33	0	1037
2019-02-08 23:53:33	0	1038
2019-02-08 23:53:33	1	1039
2019-02-08 23:53:33	1	1040
2019-02-08 23:53:33	1	1041
2019-02-08 23:53:33	0	1053
2019-02-08 23:53:33	1	1055
2019-02-08 23:53:33	0	1057
2019-02-08 23:53:33	0	1058
2019-02-08 23:53:33	1	1060
2019-02-08 23:53:33	0	1063
2019-02-08 23:53:33	1	1067
2019-02-08 23:53:33	1	1070
2019-02-08 23:53:33	1	1087
2019-02-08 23:53:33	1	1088
2019-02-08 23:53:33	1	1089
2019-02-08 23:53:33	1	1090
2019-02-08 23:53:33	1	1091
2019-02-08 23:53:33	1	1092
2019-02-08 23:53:33	1	1094
2019-02-08 23:53:33	1	1095
2019-02-08 23:53:33	1	1096
2019-02-08 23:53:33	1	1097
2019-02-08 23:53:33	1	1098
2019-02-08 23:53:33	1	1099
2019-02-08 23:53:33	1	1100
2019-02-08 23:53:33	0	1101
2019-02-08 23:53:33	0	1102
2019-02-08 23:53:33	1	1103
2019-02-08 23:53:33	0	1104
2019-02-08 23:53:33	1	1105
2019-02-08 23:53:33	0	1106
2019-02-08 23:53:33	1	1107
2019-02-08 23:53:33	0	1108
2019-02-08 23:53:33	1	1109
2019-02-08 23:53:33	1	1110
2019-02-08 23:53:33	1	1111
2019-02-08 23:53:33	0	1112
2019-02-08 23:53:33	1	1113
2019-02-08 23:53:33	1	1114
2019-02-08 23:53:33	1	1116
2019-02-08 23:53:33	1	1118
2019-02-08 23:53:33	1	1119
2019-02-08 23:53:33	1	1120
2019-02-08 23:53:33	1	1122
2019-02-08 23:53:33	1	1123
2019-02-08 23:53:33	1	1124
2019-02-08 23:53:33	1	1125
2019-02-08 23:53:33	1	1126
2019-02-08 23:53:33	1	1127
2019-02-08 23:53:33	1	1129
2019-02-08 23:53:33	1	1133
2019-02-08 23:53:33	0	1134
2019-02-08 23:53:33	0	1137
2019-02-08 23:53:33	1	1138
2019-02-08 23:53:33	1	1139
2019-02-08 23:53:33	1	1140
2019-02-08 23:53:33	1	1141
2019-02-08 23:53:33	1	1142
2019-02-08 23:53:33	1	1143
2019-02-08 23:53:33	1	1144
2019-02-08 23:53:33	0	1145
2019-02-08 23:53:33	1	1146
2019-02-08 23:53:33	1	1147
2019-02-08 23:53:33	1	1148
2019-02-08 23:53:33	0	1149
2019-02-08 23:53:33	0	1150
2019-02-08 23:53:33	0	1151
2019-02-08 23:53:33	1	1153
2019-02-08 23:53:33	0	1154
2019-02-08 23:53:33	1	1155
2019-02-08 23:53:33	0	1156
2019-02-08 23:53:33	0	1157
2019-02-08 23:53:33	1	1158
2019-02-08 23:53:33	1	1159
2019-02-08 23:53:33	1	1160
2019-02-08 23:53:33	1	1161
2019-02-08 23:53:33	0	1162
2019-02-08 23:53:33	1	1163
2019-02-08 23:53:33	0	1164
2019-02-08 23:53:33	0	1260
2019-02-08 23:53:33	0	1264
2019-02-08 23:53:33	0	1266
2019-02-08 23:53:33	0	1268
2019-02-08 23:53:33	0	1270
2019-02-08 23:53:33	0	1272
2019-02-08 23:53:33	0	1274
2019-02-08 23:53:33	0	1276
2019-02-08 23:53:33	0	1278
2019-02-08 23:53:33	0	1279
2019-02-08 23:53:33	0	1280
2019-02-08 23:53:33	0	1283
2019-02-08 23:53:33	0	1285
2019-02-08 23:53:33	0	1287
2019-02-08 23:53:33	0	1291
2019-02-08 23:53:33	0	1293
2019-02-08 23:53:33	0	1297
2019-02-08 23:53:33	1	1298
2019-02-08 23:53:33	1	1300
2019-02-08 23:53:33	1	1304
2019-02-08 23:53:33	1	1305
2019-02-08 23:53:33	0	1313
2019-02-08 23:53:33	0	1315
2019-02-08 23:53:33	1	1316
2019-02-08 23:53:33	1	1318
2019-02-08 23:53:33	0	1319
2019-02-08 23:53:33	0	1321
2019-02-08 23:53:33	0	1322
2019-02-08 23:53:33	0	1324
2019-02-08 23:53:33	0	1325
2019-02-08 23:53:33	1	1326
2019-02-08 23:53:33	0	1328
2019-02-08 23:53:33	0	1329
2019-02-08 23:53:33	0	1353
2019-02-08 23:53:33	1	1359
2019-02-08 23:53:33	0	1398
2019-02-08 23:53:33	0	1399
2019-02-08 23:53:33	0	1400
2019-02-08 23:53:33	0	1407
2019-02-08 23:53:33	1	1410
2019-02-08 23:53:33	1	1411
2019-02-08 23:53:33	1	1412
2019-02-08 23:53:33	0	1413
2019-02-08 23:53:33	1	1414
2019-02-08 23:53:33	1	1415
2019-02-08 23:53:33	1	1416
2019-02-08 23:53:33	0	1417
2019-02-08 23:53:33	1	1419
2019-02-08 23:53:33	1	1427
2019-02-08 23:53:33	1	1428
2019-02-08 23:53:33	0	1429
2019-02-08 23:53:33	1	1452
2019-02-08 23:53:33	0	1453
2019-02-08 23:53:33	0	1454
2019-02-08 23:53:33	1	1470
2019-02-08 23:53:33	1	1471
2019-02-08 23:53:33	0	1472
2019-02-08 23:53:33	0	1473
2019-02-08 23:53:33	1	1474
2019-02-08 23:53:33	1	1475
2019-02-08 23:53:33	1	1495
2019-02-08 23:53:33	1	1496
2019-02-08 23:53:33	1	1501
2019-02-08 23:53:33	0	1503
2019-02-08 23:53:33	1	1504
2019-02-08 23:53:33	0	1528
2019-02-08 23:53:33	1	1530
2019-02-08 23:53:33	1	1531
2019-02-08 23:53:33	1	1532
2019-02-08 23:53:33	0	1535
2019-02-08 23:53:33	1	1536
2019-02-08 23:53:33	0	1537
2019-02-08 23:53:33	0	1538
2019-02-08 23:53:33	1	1539
2019-02-08 23:53:33	0	1541
2019-02-08 23:53:33	1	1542
2019-02-08 23:53:33	1	1543
2019-02-08 23:53:33	1	1544
2019-02-08 23:53:33	0	1545
2019-02-08 23:53:33	0	1586
2019-02-08 23:53:33	1	1587
2019-02-08 23:53:33	0	1589
2019-02-08 23:53:33	0	1591
2019-02-08 23:53:33	1	1592
2019-02-08 23:53:33	1	1593
2019-02-08 23:53:33	1	1596
2019-02-08 23:53:33	0	1597
2019-02-08 23:53:33	0	1615
2019-02-08 23:53:33	1	1647
2019-02-08 23:53:33	1	1648
2019-02-08 23:53:33	0	1652
2019-02-08 23:53:33	1	1653
2019-02-08 23:53:33	1	1654
2019-02-08 23:53:33	1	1655
2019-02-08 23:53:33	1	1657
2019-02-08 23:53:33	1	1658
2019-02-08 23:53:33	1	1659
2019-02-08 23:53:33	1	1674
2019-02-08 23:53:33	1	1678
2019-02-08 23:53:33	1	1681
2019-02-08 23:53:33	1	1683
2019-02-08 23:53:33	1	1684
2019-02-08 23:53:33	1	1685
2019-02-08 23:53:33	1	1686
2019-02-08 23:53:33	1	1687
2019-02-08 23:53:33	1	1688
2019-02-08 23:53:33	0	1689
2019-02-08 23:53:33	1	1690
2019-02-08 23:53:33	1	1693
2019-02-08 23:53:33	1	1696
2019-02-08 23:53:33	0	1697
2019-02-08 23:53:33	0	1702
2019-02-08 23:53:33	0	1704
2019-02-08 23:53:33	1	1706
2019-02-08 23:53:33	0	1708
2019-02-08 23:53:33	1	1714
2019-02-08 23:53:33	1	1728
2019-02-08 23:53:33	0	1729
2019-02-08 23:53:33	0	1730
2019-02-08 23:53:33	0	1731
2019-02-08 23:53:33	1	1732
2019-02-08 23:53:33	1	1733
2019-02-08 23:53:33	0	1734
2019-02-08 23:53:33	1	1735
2019-02-08 23:53:33	1	1736
2019-02-08 23:53:33	1	1738
2019-02-08 23:53:33	1	1739
2019-02-08 23:53:33	1	1741
2019-02-08 23:53:33	1	1744
2019-02-08 23:53:33	1	1745
2019-02-08 23:53:33	1	1747
2019-02-08 23:53:33	0	1748
2019-02-08 23:53:33	1	1749
2019-02-08 23:53:33	0	1750
2019-02-08 23:53:33	1	1751
2019-02-08 23:53:33	1	1752
2019-02-08 23:53:33	1	1753
2019-02-08 23:53:33	1	1755
2019-02-08 23:53:33	0	1757
2019-02-08 23:53:33	0	1759
2019-02-08 23:53:33	0	1761
2019-02-08 23:53:33	0	1762
2019-02-08 23:53:33	1	1763
2019-02-08 23:53:33	1	1764
2019-02-08 23:53:33	1	1766
2019-02-08 23:53:33	1	1767
2019-02-08 23:53:33	1	1768
2019-02-08 23:53:33	1	1769
2019-02-08 23:53:33	1	1770
2019-02-08 23:53:33	1	1771
2019-02-08 23:53:33	1	1772
2019-02-08 23:53:33	0	1789
2019-02-08 23:53:33	1	1790
2019-02-08 23:53:33	0	1797
2019-02-08 23:53:33	0	1798
2019-02-08 23:53:33	0	1800
2019-02-08 23:53:33	0	1827
2019-02-08 23:53:33	1	1828
2019-02-08 23:53:33	1	1829
2019-02-08 23:53:33	1	1830
2019-02-08 23:53:33	0	1834
2019-02-08 23:53:33	0	1835
2019-02-08 23:53:33	0	1836
2019-02-08 23:53:33	0	1841
2019-02-08 23:53:33	1	1843
2019-02-08 23:53:33	1	1844
2019-02-08 23:53:33	1	1845
2019-02-08 23:53:33	1	1847
2019-02-08 23:53:33	1	1848
2019-02-08 23:53:33	1	1850
2019-02-08 23:53:33	0	1851
2019-02-08 23:53:33	1	1852
2019-02-08 23:53:33	1	1853
2019-02-08 23:53:33	0	1854
2019-02-08 23:53:33	1	1855
2019-02-08 23:53:33	0	1856
2019-02-08 23:53:33	1	1857
2019-02-08 23:53:33	1	1858
2019-02-08 23:53:33	1	1859
2019-02-08 23:53:33	1	1861
2019-02-08 23:53:33	1	1862
2019-02-08 23:53:33	1	1863
2019-02-08 23:53:33	1	1864
2019-02-08 23:53:33	1	1866
2019-02-08 23:53:33	1	1867
2019-02-08 23:53:33	1	1868
2019-02-08 23:53:33	1	1870
2019-02-08 23:53:33	1	1873
2019-02-08 23:53:33	1	1875
2019-02-08 23:53:33	0	1878
2019-02-08 23:53:33	0	1890
2019-02-08 23:53:33	1	1891
2019-02-08 23:53:33	1	1895
2019-02-08 23:53:33	1	1896
2019-02-08 23:53:33	0	1897
2019-02-08 23:53:33	1	1899
2019-02-08 23:53:33	1	1900
2019-02-08 23:53:33	0	1901
2019-02-08 23:53:33	1	1919
2019-02-08 23:53:33	0	1920
2019-02-08 23:53:33	1	1922
2019-02-08 23:53:33	0	1951
2019-02-08 23:53:33	0	1952
2019-02-08 23:53:33	1	1954
2019-02-08 23:53:33	1	1955
2019-02-08 23:53:33	1	1956
2019-02-08 23:53:33	1	1957
2019-02-08 23:53:33	0	1958
2019-02-08 23:53:33	1	1959
2019-02-08 23:53:33	1	1961
2019-02-08 23:53:33	1	1964
2019-02-08 23:53:33	1	1965
2019-02-08 23:53:33	1	1966
2019-02-08 23:53:33	0	1967
2019-02-08 23:53:33	1	1978
2019-02-08 23:53:33	1	1979
2019-02-08 23:53:33	1	1980
2019-02-08 23:53:33	1	1981
2019-02-08 23:53:33	1	1983
2019-02-08 23:53:33	1	1984
2019-02-08 23:53:33	0	1988
2019-02-08 23:53:33	0	1990
2019-02-08 23:53:33	0	1992
2019-02-08 23:53:33	0	1994
2019-02-08 23:53:33	0	2005
2019-02-08 23:53:33	0	2006
2019-02-08 23:53:33	0	2016
2019-02-08 23:53:33	0	2018
2019-02-08 23:53:33	0	2019
2019-02-08 23:53:33	0	2060
2019-02-08 23:53:33	1	2097
2019-02-08 23:53:33	1	2098
2019-02-08 23:53:33	0	2099
2019-02-08 23:53:33	1	2100
2019-02-08 23:53:33	1	2101
2019-02-08 23:53:33	1	2130
2019-02-08 23:53:33	1	2143
2019-02-08 23:53:33	1	2145
2019-02-08 23:53:33	0	2146
2019-02-08 23:53:33	0	2152
2019-02-08 23:53:33	1	2153
2019-02-08 23:53:33	1	2154
2019-02-08 23:53:33	1	2155
2019-02-08 23:53:33	0	2158
2019-02-08 23:53:33	0	2159
2019-02-08 23:53:33	1	2170
2019-02-08 23:53:33	1	2172
2019-02-08 23:53:33	1	2174
2019-02-08 23:53:33	1	2188
2019-02-08 23:53:33	1	2189
2019-02-08 23:53:33	0	2190
2019-02-08 23:53:33	1	2191
2019-02-08 23:53:33	0	2192
2019-02-08 23:53:33	0	2194
2019-02-08 23:53:33	0	2195
2019-02-08 23:53:33	0	2196
2019-02-08 23:53:33	0	2197
2019-02-08 23:53:33	0	2199
2019-02-08 23:53:33	1	2201
2019-02-08 23:53:33	1	2204
2019-02-08 23:53:33	0	2232
2019-02-08 23:53:33	0	2235
2019-02-08 23:53:33	1	2237
2019-02-08 23:53:33	0	2238
2019-02-08 23:53:33	0	2240
2019-02-08 23:53:33	1	2242
2019-02-08 23:53:33	1	2246
2019-02-08 23:53:33	0	2247
2019-02-08 23:53:33	0	2248
2019-02-08 23:53:33	0	2249
2019-02-08 23:53:33	0	2250
2019-02-08 23:53:33	0	2251
2019-02-08 23:53:33	0	2252
2019-02-08 23:53:33	0	2253
2019-02-08 23:53:33	1	2255
2019-02-08 23:53:33	1	2271
2019-02-08 23:53:33	1	2287
2019-02-08 23:53:33	1	2288
2019-02-08 23:53:33	0	2289
2019-02-08 23:53:33	1	2290
2019-02-08 23:53:33	1	2292
2019-02-08 23:53:33	1	2293
2019-02-08 23:53:33	1	2294
2019-02-08 23:53:33	0	2297
2019-02-08 23:53:33	1	2299
2019-02-08 23:53:33	1	2300
2019-02-08 23:53:33	0	2301
2019-02-08 23:53:33	1	2302
2019-02-08 23:53:33	1	2305
2019-02-08 23:53:33	0	2306
2019-02-08 23:53:33	1	2307
2019-02-08 23:53:33	1	2308
2019-02-08 23:53:33	0	2310
2019-02-08 23:53:33	1	2312
2019-02-08 23:53:33	1	2313
2019-02-08 23:53:33	1	2314
2019-02-08 23:53:33	0	2315
2019-02-08 23:53:33	1	2316
2019-02-08 23:53:33	0	2318
2019-02-08 23:53:33	0	2321
2019-02-08 23:53:33	0	2322
2019-02-08 23:53:33	1	2323
2019-02-08 23:53:33	0	2324
2019-02-08 23:53:33	1	2325
2019-02-08 23:53:33	0	2326
2019-02-08 23:53:33	1	2327
2019-02-08 23:53:33	1	2328
2019-02-08 23:53:33	0	2340
2019-02-08 23:53:33	0	2341
2019-02-08 23:53:33	1	2408
2019-02-08 23:53:33	0	2409
2019-02-08 23:53:33	1	2410
2019-02-08 23:53:33	0	2411
2019-02-08 23:53:33	0	2412
2019-02-08 23:53:33	1	2414
2019-02-08 23:53:33	0	2415
2019-02-08 23:53:33	1	2417
2019-02-08 23:53:33	1	2418
2019-02-08 23:53:33	1	2419
2019-02-08 23:53:33	1	2420
2019-02-08 23:53:33	0	2421
2019-02-08 23:53:33	1	2422
2019-02-08 23:53:33	0	2447
2019-02-08 23:53:33	1	2448
2019-02-08 23:53:33	1	2449
2019-02-08 23:53:33	0	2450
2019-02-08 23:53:33	0	2451
2019-02-08 23:53:33	0	2452
2019-02-08 23:53:33	0	2454
2019-02-08 23:53:33	0	2455
2019-02-08 23:53:33	1	2456
2019-02-08 23:53:33	1	2457
2019-02-08 23:53:33	1	2458
2019-02-08 23:53:33	1	2459
2019-02-08 23:53:33	0	2460
2019-02-08 23:53:33	0	2473
2019-02-08 23:53:33	1	2480
2019-02-08 23:53:33	1	2483
2019-02-08 23:53:33	1	2484
2019-02-08 23:53:33	1	2490
2019-02-08 23:53:33	1	2491
2019-02-08 23:53:33	0	2492
2019-02-08 23:53:33	0	2493
2019-02-08 23:53:33	1	2494
2019-02-08 23:53:33	1	2495
2019-02-08 23:53:33	1	2496
2019-02-08 23:53:33	1	2497
2019-02-08 23:53:33	1	2499
2019-02-08 23:53:33	1	2501
2019-02-08 23:53:33	0	2504
2019-02-08 23:53:33	1	2506
2019-02-08 23:53:33	1	2510
2019-02-08 23:53:33	0	2512
2019-02-08 23:53:33	1	2514
2019-02-08 23:53:33	0	2518
2019-02-08 23:53:33	1	2525
2019-02-08 23:53:33	1	2527
2019-02-08 23:53:33	0	2529
2019-02-08 23:53:33	0	2627
2019-02-08 23:53:33	0	2628
2019-02-08 23:53:33	0	2630
2019-02-08 23:53:33	1	2632
2019-02-08 23:53:33	0	2633
2019-02-08 23:53:33	0	2637
2019-02-08 23:53:33	1	2639
2019-02-08 23:53:33	0	2640
2019-02-08 23:53:33	1	2641
2019-02-08 23:53:33	0	2642
2019-02-08 23:53:33	0	2643
2019-02-08 23:53:33	1	2644
2019-02-08 23:53:33	0	2646
2019-02-08 23:53:33	0	2648
2019-02-08 23:53:33	0	2649
2019-02-08 23:53:33	0	2651
2019-02-08 23:53:33	0	2652
2019-02-08 23:53:33	0	2653
2019-02-08 23:53:33	1	2655
2019-02-08 23:53:33	0	2656
2019-02-08 23:53:33	0	2657
2019-02-08 23:53:33	0	2658
2019-02-08 23:53:33	1	2659
2019-02-08 23:53:33	0	2661
2019-02-08 23:53:33	1	2662
2019-02-08 23:53:33	0	2663
2019-02-08 23:53:33	1	2664
2019-02-08 23:53:33	0	2665
2019-02-08 23:53:33	0	2666
2019-02-08 23:53:33	0	2667
2019-02-08 23:53:33	1	2670
2019-02-08 23:53:33	0	2672
2019-02-08 23:53:33	0	2673
2019-02-08 23:53:33	0	2674
2019-02-08 23:53:33	0	2675
2019-02-08 23:53:33	0	2676
2019-02-08 23:53:33	0	2677
2019-02-08 23:53:33	0	2678
2019-02-08 23:53:33	0	2679
2019-02-08 23:53:33	0	2680
2019-02-08 23:53:33	1	2681
2019-02-08 23:53:33	0	2682
2019-02-08 23:53:33	0	2684
2019-02-08 23:53:33	0	2685
2019-02-08 23:53:33	0	2686
2019-02-08 23:53:33	0	2687
2019-02-08 23:53:33	0	2688
2019-02-08 23:53:33	0	2689
2019-02-08 23:53:33	0	2690
2019-02-08 23:53:33	0	2691
2019-02-08 23:53:33	0	2694
2019-02-08 23:53:33	0	2696
2019-02-08 23:53:33	0	2698
2019-02-08 23:53:33	0	2700
2019-02-08 23:53:33	0	2706
2019-02-08 23:53:33	1	2714
2019-02-08 23:53:33	0	2715
2019-02-08 23:53:33	1	2717
2019-02-08 23:53:33	1	2718
2019-02-08 23:53:33	1	2726
2019-02-08 23:53:33	0	2727
2019-02-08 23:53:33	1	2731
2019-02-08 23:53:33	1	2732
2019-02-08 23:53:33	0	2733
2019-02-08 23:53:33	1	2734
2019-02-08 23:53:33	0	2735
2019-02-08 23:53:33	0	2736
2019-02-08 23:53:33	1	2738
2019-02-08 23:53:33	0	2745
2019-02-08 23:53:33	1	2747
2019-02-08 23:53:33	0	2748
2019-02-08 23:53:33	1	2749
2019-02-08 23:53:33	0	2750
2019-02-08 23:53:33	1	2751
2019-02-08 23:53:33	0	2753
2019-02-08 23:53:33	0	2754
2019-02-08 23:53:33	0	2887
2019-02-08 23:53:33	1	2888
2019-02-08 23:53:33	1	2889
2019-02-08 23:53:33	0	2890
2019-02-08 23:53:33	1	2891
2019-02-08 23:53:33	1	2892
2019-02-08 23:53:33	1	2896
2019-02-08 23:53:33	1	2897
2019-02-08 23:53:33	0	2898
2019-02-08 23:53:33	0	2899
2019-02-08 23:53:33	1	2900
2019-02-08 23:53:33	1	2901
2019-02-08 23:53:33	1	2902
2019-02-08 23:53:33	1	2903
2019-02-08 23:53:33	0	2904
2019-02-08 23:53:33	0	2905
2019-02-08 23:53:33	0	2906
2019-02-08 23:53:33	0	2907
2019-02-08 23:53:33	0	2908
2019-02-08 23:53:33	0	2909
2019-02-08 23:53:33	0	2910
2019-02-08 23:53:33	0	2911
2019-02-08 23:53:33	0	2912
2019-02-08 23:53:33	0	2913
2019-02-08 23:53:33	0	2914
2019-02-08 23:53:33	0	2915
2019-02-08 23:53:33	1	2918
2019-02-08 23:53:33	0	2919
2019-02-08 23:53:33	0	2921
2019-02-08 23:53:33	0	2922
2019-02-08 23:53:33	0	2924
2019-02-08 23:53:33	0	2925
2019-02-08 23:53:33	0	2927
2019-02-08 23:53:33	0	2928
2019-02-08 23:53:33	0	2929
2019-02-08 23:53:33	0	2930
2019-02-08 23:53:33	1	2932
2019-02-08 23:53:33	1	2934
2019-02-08 23:53:33	1	2936
2019-02-08 23:53:33	0	2999
2019-02-08 23:53:33	0	3000
2019-02-08 23:53:33	0	3001
2019-02-08 23:53:33	1	3002
2019-02-08 23:53:33	0	3004
2019-02-08 23:53:33	1	3005
2019-02-08 23:53:33	1	3006
2019-02-08 23:53:33	0	3007
2019-02-08 23:53:33	0	3008
2019-02-08 23:53:33	1	3009
2019-02-08 23:53:33	0	3010
2019-02-08 23:53:33	0	3011
2019-02-08 23:53:33	0	3012
2019-02-08 23:53:33	0	3013
2019-02-08 23:53:33	0	3014
2019-02-08 23:53:33	1	3015
2019-02-08 23:53:33	0	3016
2019-02-08 23:53:33	1	3018
2019-02-08 23:53:33	0	3019
2019-02-08 23:53:33	1	3020
2019-02-08 23:53:33	0	3021
2019-02-08 23:53:33	1	3023
2019-02-08 23:53:33	0	3027
2019-02-08 23:53:33	0	3028
2019-02-08 23:53:33	1	3030
2019-02-08 23:53:33	0	3031
2019-02-08 23:53:33	0	3032
2019-02-08 23:53:33	0	3033
2019-02-08 23:53:33	0	3034
2019-02-08 23:53:33	0	3037
2019-02-08 23:53:33	0	3038
2019-02-08 23:53:33	0	3039
2019-02-08 23:53:33	0	3040
2019-02-08 23:53:33	0	3041
2019-02-08 23:53:33	0	3042
2019-02-08 23:53:33	0	3044
2019-02-08 23:53:33	0	3045
2019-02-08 23:53:33	0	3046
2019-02-08 23:53:33	0	3047
2019-02-08 23:53:33	0	3048
2019-02-08 23:53:33	0	3049
2019-02-08 23:53:33	0	3050
2019-02-08 23:53:33	0	3051
2019-02-08 23:53:33	1	3058
2019-02-08 23:53:33	0	3059
2019-02-08 23:53:33	1	3060
2019-02-08 23:53:33	0	3062
2019-02-08 23:53:33	1	3063
2019-02-08 23:53:33	0	3064
2019-02-08 23:53:33	1	3065
2019-02-08 23:53:33	1	3066
2019-02-08 23:53:33	1	3067
2019-02-08 23:53:33	1	3076
2019-02-08 23:53:33	1	3081
2019-02-08 23:53:33	1	3082
2019-02-08 23:53:33	0	3085
2019-02-08 23:53:33	0	3086
2019-02-08 23:53:33	0	3087
2019-02-08 23:53:33	1	3089
2019-02-08 23:53:33	0	3090
2019-02-08 23:53:33	1	3091
2019-02-08 23:53:33	1	3092
2019-02-08 23:53:33	1	3095
2019-02-08 23:53:33	0	3096
2019-02-08 23:53:33	0	3098
2019-02-08 23:53:33	1	3100
2019-02-08 23:53:33	0	3102
2019-02-08 23:53:33	1	3103
2019-02-08 23:53:33	1	3104
2019-02-08 23:53:33	0	3107
2019-02-08 23:53:33	1	3108
2019-02-08 23:53:33	1	3109
2019-02-08 23:53:33	1	3110
2019-02-08 23:53:33	1	3111
2019-02-08 23:53:33	1	3112
2019-02-08 23:53:33	0	3113
2019-02-08 23:53:33	0	3114
2019-02-08 23:53:33	0	3115
2019-02-08 23:53:33	0	3116
2019-02-08 23:53:33	0	3117
2019-02-08 23:53:33	0	3118
2019-02-08 23:53:33	1	3119
2019-02-08 23:53:33	1	3121
2019-02-08 23:53:33	1	3122
2019-02-08 23:53:33	0	3123
2019-02-08 23:53:33	0	3124
2019-02-08 23:53:33	0	3125
2019-02-08 23:53:33	0	3140
2019-02-08 23:53:33	0	3144
2019-02-08 23:53:33	0	3146
2019-02-08 23:53:33	0	3147
2019-02-08 23:53:33	1	3148
2019-02-08 23:53:33	0	3149
2019-02-08 23:53:33	1	3150
2019-02-08 23:53:33	0	3151
2019-02-08 23:53:33	1	3161
2019-02-08 23:53:33	0	3171
2019-02-08 23:53:33	1	3175
2019-02-08 23:53:33	0	3176
2019-02-08 23:53:33	0	3177
2019-02-08 23:53:33	1	3181
2019-02-08 23:53:33	0	3182
2019-02-08 23:53:33	0	3192
2019-02-08 23:53:33	0	3193
2019-02-08 23:53:33	0	3194
2019-02-08 23:53:33	0	3198
2019-02-08 23:53:33	0	3199
2019-02-08 23:53:33	0	3200
2019-02-08 23:53:33	0	3201
2019-02-08 23:53:33	0	3204
2019-02-08 23:53:33	0	3205
2019-02-08 23:53:33	0	3206
2019-02-08 23:53:33	0	3207
2019-02-08 23:53:33	0	3208
2019-02-08 23:53:33	0	3209
2019-02-08 23:53:33	0	3211
2019-02-08 23:53:33	0	3212
2019-02-08 23:53:33	0	3213
2019-02-08 23:53:33	0	3215
2019-02-08 23:53:33	0	3216
2019-02-08 23:53:33	0	3217
2019-02-08 23:53:33	0	3218
2019-02-08 23:53:33	0	3220
2019-02-08 23:53:33	1	3223
2019-02-08 23:53:33	1	3226
2019-02-08 23:53:33	1	3227
2019-02-08 23:53:33	0	3228
2019-02-08 23:53:33	0	3229
2019-02-08 23:53:33	0	3230
2019-02-08 23:53:33	0	3231
2019-02-08 23:53:33	0	3251
2019-02-08 23:53:33	0	3252
2019-02-08 23:53:33	0	3253
2019-02-08 23:53:33	0	3254
2019-02-08 23:53:33	0	3255
2019-02-08 23:53:33	1	3256
2019-02-08 23:53:33	0	3257
2019-02-08 23:53:33	0	3259
2019-02-08 23:53:33	0	3261
2019-02-08 23:53:33	0	3263
2019-02-08 23:53:33	0	3264
2019-02-08 23:53:33	0	3265
2019-02-08 23:53:33	0	3267
2019-02-08 23:53:33	0	3268
2019-02-08 23:53:33	0	3269
2019-02-08 23:53:33	0	3271
2019-02-08 23:53:33	0	3273
2019-02-08 23:53:33	0	3274
2019-02-08 23:53:33	0	3275
2019-02-08 23:53:33	0	3276
2019-02-08 23:53:33	0	3277
2019-02-08 23:53:33	0	3278
2019-02-08 23:53:33	0	3279
2019-02-08 23:53:33	0	3281
2019-02-08 23:53:33	0	3282
2019-02-08 23:53:33	0	3283
2019-02-08 23:53:33	0	3284
2019-02-08 23:53:33	0	3285
2019-02-08 23:53:33	0	3304
2019-02-08 23:53:33	1	3306
2019-02-08 23:53:33	0	3308
2019-02-08 23:53:33	1	3310
2019-02-08 23:53:33	1	3312
2019-02-08 23:53:33	1	3314
2019-02-08 23:53:33	1	3318
2019-02-08 23:53:33	1	3320
2019-02-08 23:53:33	0	3328
2019-02-08 23:53:33	1	3330
2019-02-08 23:53:33	0	3334
2019-02-08 23:53:33	0	3338
2019-02-08 23:53:33	0	3340
2019-02-08 23:53:33	1	3343
2019-02-08 23:53:33	0	3344
2019-02-08 23:53:33	1	3345
2019-02-08 23:53:33	0	3346
2019-02-08 23:53:33	1	3347
2019-02-08 23:53:33	1	3348
2019-02-08 23:53:33	1	3349
2019-02-08 23:53:33	0	3350
2019-02-08 23:53:33	1	3351
2019-02-08 23:53:33	0	3352
2019-02-08 23:53:33	1	3353
2019-02-08 23:53:33	1	3354
2019-02-08 23:53:33	1	3355
2019-02-08 23:53:33	0	3356
2019-02-08 23:53:33	1	3360
2019-02-08 23:53:33	0	3364
2019-02-08 23:53:33	0	3366
2019-02-08 23:53:33	1	3367
2019-02-08 23:53:33	0	3368
2019-02-08 23:53:33	0	3371
2019-02-08 23:53:33	0	3374
2019-02-08 23:53:33	0	3375
2019-02-08 23:53:33	0	3376
2019-02-08 23:53:33	0	3377
2019-02-08 23:53:33	0	3380
2019-02-08 23:53:33	0	3381
2019-02-08 23:53:33	0	3382
2019-02-08 23:53:33	0	3383
2019-02-08 23:53:33	0	3384
2019-02-08 23:53:33	0	3385
2019-02-08 23:53:33	0	3386
2019-02-08 23:53:33	0	3387
2019-02-08 23:53:33	1	3388
2019-02-08 23:53:33	1	3389
2019-02-08 23:53:33	0	3391
2019-02-08 23:53:33	1	3392
2019-02-08 23:53:33	1	3393
2019-02-08 23:53:33	1	3394
2019-02-08 23:53:33	0	3395
2019-02-08 23:53:33	1	3397
2019-02-08 23:53:33	0	3398
2019-02-08 23:53:33	0	3400
2019-02-08 23:53:33	1	3401
2019-02-08 23:53:33	1	3403
2019-02-08 23:53:33	1	3404
2019-02-08 23:53:33	0	3405
2019-02-08 23:53:33	1	3408
2019-02-08 23:53:33	1	3410
2019-02-08 23:53:33	0	3414
2019-02-08 23:53:33	1	3416
2019-02-08 23:53:33	0	3418
2019-02-08 23:53:33	1	3476
2019-02-08 23:53:33	0	3477
2019-02-08 23:53:33	0	3489
2019-02-08 23:53:33	0	3490
2019-02-08 23:53:33	0	3491
2019-02-08 23:53:33	0	3492
2019-02-08 23:53:33	0	3493
2019-02-08 23:53:33	1	3494
2019-02-08 23:53:33	1	3495
2019-02-08 23:53:33	1	3496
2019-02-08 23:53:33	1	3500
2019-02-08 23:53:33	1	3506
2019-02-08 23:53:33	1	3508
2019-02-08 23:53:33	0	3509
2019-02-08 23:53:33	0	3510
2019-02-08 23:53:33	0	3511
2019-02-08 23:53:33	1	3512
2019-02-08 23:53:33	0	3513
2019-02-08 23:53:33	0	3514
2019-02-08 23:53:33	0	3515
2019-02-08 23:53:33	0	3516
2019-02-08 23:53:33	0	3526
2019-02-08 23:53:33	0	3527
2019-02-08 23:53:33	1	3528
2019-02-08 23:53:33	0	3529
2019-02-08 23:53:33	0	3530
2019-02-08 23:53:33	0	3531
2019-02-08 23:53:33	0	3532
2019-02-08 23:53:33	0	3533
2019-02-08 23:53:33	1	3534
2019-02-08 23:53:33	0	3535
2019-02-08 23:53:33	0	3536
2019-02-08 23:53:33	1	3537
2019-02-08 23:53:33	1	3538
2019-02-08 23:53:33	0	3539
2019-02-08 23:53:33	0	3541
2019-02-08 23:53:33	0	3542
2019-02-08 23:53:33	0	3543
2019-02-08 23:53:33	0	3544
2019-02-08 23:53:33	1	3545
2019-02-08 23:53:33	0	3546
2019-02-08 23:53:33	0	3547
2019-02-08 23:53:33	0	3548
2019-02-08 23:53:33	1	3549
2019-02-08 23:53:33	0	3550
2019-02-08 23:53:33	0	3551
2019-02-08 23:53:33	0	3552
2019-02-08 23:53:33	0	3553
2019-02-08 23:53:33	1	3554
2019-02-08 23:53:33	1	3555
2019-02-08 23:53:33	0	3556
2019-02-08 23:53:33	0	3557
2019-02-08 23:53:33	0	3558
2019-02-08 23:53:33	1	3560
2019-02-08 23:53:33	0	3561
2019-02-08 23:53:33	0	3562
2019-02-08 23:53:33	0	3563
2019-02-08 23:53:33	0	3564
2019-02-08 23:53:33	0	3565
2019-02-08 23:53:33	1	3566
2019-02-08 23:53:33	1	3567
2019-02-08 23:53:33	0	3568
2019-02-08 23:53:33	0	3570
2019-02-08 23:53:33	1	3571
2019-02-08 23:53:33	0	3572
2019-02-08 23:53:33	1	3573
2019-02-08 23:53:33	1	3574
2019-02-08 23:53:33	1	3575
2019-02-08 23:53:33	0	3580
2019-02-08 23:53:33	1	3583
2019-02-08 23:53:33	1	3585
2019-02-08 23:53:33	0	3586
2019-02-08 23:53:33	1	3588
2019-02-08 23:53:33	0	3591
2019-02-08 23:53:33	1	3592
2019-02-08 23:53:33	1	3593
2019-02-08 23:53:33	0	3594
2019-02-08 23:53:33	0	3596
2019-02-08 23:53:33	1	3598
2019-02-08 23:53:33	0	3599
2019-02-08 23:53:33	0	3600
2019-02-08 23:53:33	0	3601
2019-02-08 23:53:33	0	3602
2019-02-08 23:53:33	0	3604
2019-02-08 23:53:33	1	3606
2019-02-08 23:53:33	1	3615
2019-02-08 23:53:33	1	3617
2019-02-08 23:53:33	0	3619
2019-02-08 23:53:33	1	3620
2019-02-08 23:53:33	0	3622
2019-02-08 23:53:33	0	3623
2019-02-08 23:53:33	0	3624
2019-02-08 23:53:33	0	3625
2019-02-08 23:53:33	1	3626
2019-02-08 23:53:33	1	3628
2019-02-08 23:53:33	0	3629
2019-02-08 23:53:33	1	3630
2019-02-08 23:53:33	1	3631
2019-02-08 23:53:33	0	3632
2019-02-08 23:53:33	1	3633
2019-02-08 23:53:33	0	3634
2019-02-08 23:53:33	0	3635
2019-02-08 23:53:33	0	3636
2019-02-08 23:53:33	1	3637
2019-02-08 23:53:33	0	3638
2019-02-08 23:53:33	0	3640
2019-02-08 23:53:33	0	3642
2019-02-08 23:53:33	1	3663
2019-02-08 23:53:33	1	3665
2019-02-08 23:53:33	0	3669
2019-02-08 23:53:33	1	3671
2019-02-08 23:53:33	0	3673
2019-02-08 23:53:33	0	3675
2019-02-08 23:53:33	0	3676
2019-02-08 23:53:33	0	3678
2019-02-08 23:53:33	0	3682
2019-02-08 23:53:33	0	3684
2019-02-08 23:53:33	0	3690
2019-02-08 23:53:33	0	3694
2019-02-08 23:53:33	1	3696
2019-02-08 23:53:33	1	3699
2019-02-08 23:53:33	1	3700
2019-02-08 23:53:33	1	3701
2019-02-08 23:53:33	0	3702
2019-02-08 23:53:33	0	3703
2019-02-08 23:53:33	0	3704
2019-02-08 23:53:33	0	3705
2019-02-08 23:53:33	1	3706
2019-02-08 23:53:33	1	3707
2019-02-08 23:53:33	0	3708
2019-02-08 23:53:33	0	3709
2019-02-08 23:53:33	0	3710
2019-02-08 23:53:33	0	3711
2019-02-08 23:53:33	0	3713
2019-02-08 23:53:33	0	3717
2019-02-08 23:53:33	0	3719
2019-02-08 23:53:33	0	3720
2019-02-08 23:53:33	0	3721
2019-02-08 23:53:33	0	3722
2019-02-08 23:53:33	0	3723
2019-02-08 23:53:33	0	3724
2019-02-08 23:53:33	0	3725
2019-02-08 23:53:33	0	3727
2019-02-08 23:53:33	0	3730
2019-02-08 23:53:33	1	3758
2019-02-08 23:53:33	1	3759
2019-02-08 23:53:33	0	3760
2019-02-08 23:53:33	0	3764
2019-02-08 23:53:33	1	3765
2019-02-08 23:53:33	0	3766
2019-02-08 23:53:33	0	3768
2019-02-08 23:53:33	0	3769
2019-02-08 23:53:33	0	3770
2019-02-08 23:53:33	0	3771
2019-02-08 23:53:33	0	3772
2019-02-08 23:53:33	0	3797
2019-02-08 23:53:33	0	3798
2019-02-08 23:53:33	0	3799
2019-02-08 23:53:33	0	3800
2019-02-08 23:53:33	0	3802
2019-02-08 23:53:33	0	3803
2019-02-08 23:53:33	1	3804
2019-02-08 23:53:33	0	3805
2019-02-08 23:53:33	0	3806
2019-02-08 23:53:33	1	3807
2019-02-08 23:53:33	1	3808
2019-02-08 23:53:33	1	3809
2019-02-08 23:53:33	0	3811
2019-02-08 23:53:33	0	3813
2019-02-08 23:53:33	0	3814
2019-02-08 23:53:33	0	3815
2019-02-08 23:53:33	0	3816
2019-02-08 23:53:33	0	3817
2019-02-08 23:53:33	0	3818
2019-02-08 23:53:33	0	3819
2019-02-08 23:53:33	0	3820
2019-02-08 23:53:33	0	3821
2019-02-08 23:53:33	0	3822
2019-02-08 23:53:33	0	3823
2019-02-08 23:53:33	0	3824
2019-02-08 23:53:33	0	3825
2019-02-08 23:53:33	0	3826
2019-02-08 23:53:33	1	3827
2019-02-08 23:53:33	0	3828
2019-02-08 23:53:33	0	3829
2019-02-08 23:53:33	0	3830
2019-02-08 23:53:33	0	3831
2019-02-08 23:53:33	0	3832
2019-02-08 23:53:33	0	3833
2019-02-08 23:53:33	0	3834
2019-02-08 23:53:33	1	3835
2019-02-08 23:53:33	0	3836
2019-02-08 23:53:33	0	3837
2019-02-08 23:53:33	0	3838
2019-02-08 23:53:33	0	3839
2019-02-08 23:53:33	0	3842
2019-02-08 23:53:33	0	3843
2019-02-08 23:53:33	0	3844
2019-02-08 23:53:33	0	3845
2019-02-08 23:53:33	0	3846
2019-02-08 23:53:33	0	3847
2019-02-08 23:53:33	0	3848
2019-02-08 23:53:33	0	3849
2019-02-08 23:53:33	0	3857
2019-02-08 23:53:33	1	3858
2019-02-08 23:53:33	1	3859
2019-02-08 23:53:33	0	3860
2019-02-08 23:53:33	0	3861
2019-02-08 23:53:33	0	3862
2019-02-08 23:53:33	0	3863
2019-02-08 23:53:33	0	3864
2019-02-08 23:53:33	1	3866
2019-02-08 23:53:33	1	3867
2019-02-08 23:53:33	0	3868
2019-02-08 23:53:33	0	3869
2019-02-08 23:53:33	0	3870
2019-02-08 23:53:33	0	3871
2019-02-08 23:53:33	0	3872
2019-02-08 23:53:33	0	3873
2019-02-08 23:53:33	0	3874
2019-02-08 23:53:33	0	3875
2019-02-08 23:53:33	0	3876
2019-02-08 23:53:33	0	3877
2019-02-08 23:53:33	0	3878
2019-02-08 23:53:33	0	3879
2019-02-08 23:53:33	0	3880
2019-02-08 23:53:33	0	3882
2019-02-08 23:53:33	1	3883
2019-02-08 23:53:33	0	3884
2019-02-08 23:53:33	0	3885
2019-02-08 23:53:33	0	3886
2019-02-08 23:53:33	0	3887
2019-02-08 23:53:33	0	3888
2019-02-08 23:53:33	0	3889
2019-02-08 23:53:33	0	3890
2019-02-08 23:53:33	0	3891
2019-02-08 23:53:33	0	3892
2019-02-08 23:53:33	1	3893
2019-02-08 23:53:33	0	3894
2019-02-08 23:53:33	0	3895
2019-02-08 23:53:33	1	3896
2019-02-08 23:53:33	0	3897
2019-02-08 23:53:33	0	3898
2019-02-08 23:53:33	0	3899
2019-02-08 23:53:33	0	3900
2019-02-08 23:53:33	1	3905
2019-02-08 23:53:33	0	3906
2019-02-08 23:53:33	0	3907
2019-02-08 23:53:33	0	3908
2019-02-08 23:53:33	1	3909
2019-02-08 23:53:33	0	3910
2019-02-08 23:53:33	0	3911
2019-02-08 23:53:33	0	3912
2019-02-08 23:53:33	0	3914
2019-02-08 23:53:33	0	3915
2019-02-08 23:53:33	0	3917
2019-02-08 23:53:33	0	3918
2019-02-08 23:53:33	0	3919
2019-02-08 23:53:33	0	3920
2019-02-08 23:53:33	0	3921
2019-02-08 23:53:33	0	3922
2019-02-08 23:53:33	0	3923
2019-02-08 23:53:33	0	3924
2019-02-08 23:53:33	0	3925
2019-02-08 23:53:33	0	3926
2019-02-08 23:53:33	0	3927
2019-02-08 23:53:33	0	3928
2019-02-08 23:53:33	0	3929
2019-02-08 23:53:33	0	3930
2019-02-08 23:53:33	0	3931
2019-02-08 23:53:33	0	3932
2019-02-08 23:53:33	1	3933
2019-02-08 23:53:33	0	3934
2019-02-08 23:53:33	0	3935
2019-02-08 23:53:33	0	3936
2019-02-08 23:53:33	0	3937
2019-02-08 23:53:33	0	3938
2019-02-08 23:53:33	0	3939
2019-02-08 23:53:33	0	3940
2019-02-08 23:53:33	0	3941
2019-02-08 23:53:33	1	3942
2019-02-08 23:53:33	1	3943
2019-02-08 23:53:33	0	3944
2019-02-08 23:53:33	0	3945
2019-02-08 23:53:33	0	3947
2019-02-08 23:53:33	1	3948
2019-02-08 23:53:33	1	3950
2019-02-08 23:53:33	0	3951
2019-02-08 23:53:33	1	3952
2019-02-08 23:53:33	0	3954
2019-02-08 23:53:33	0	3956
2019-02-08 23:53:33	0	3959
2019-02-08 23:53:33	1	3960
2019-02-08 23:53:33	0	3961
2019-02-08 23:53:33	0	3966
2019-02-08 23:53:33	0	3968
2019-02-08 23:53:33	1	3969
2019-02-08 23:53:33	1	3970
2019-02-08 23:53:33	1	3974
2019-02-08 23:53:33	1	3975
2019-02-08 23:53:33	1	3976
2019-02-08 23:53:33	0	3977
2019-02-08 23:53:33	1	3978
2019-02-08 23:53:33	0	3979
2019-02-08 23:53:33	0	3981
2019-02-08 23:53:33	0	3982
2019-02-08 23:53:33	0	3983
2019-02-08 23:53:33	0	3984
2019-02-08 23:53:33	0	3986
2019-02-08 23:53:33	0	3987
2019-02-08 23:53:33	1	3988
2019-02-08 23:53:33	0	3989
2019-02-08 23:53:33	1	3991
2019-02-08 23:53:33	1	3992
2019-02-08 23:53:33	0	3993
2019-02-08 23:53:33	0	3994
2019-02-08 23:53:33	1	3995
2019-02-08 23:53:33	1	3996
2019-02-08 23:53:33	0	3997
2019-02-08 23:53:33	0	3998
2019-02-08 23:53:33	0	3999
2019-02-08 23:53:33	1	4000
2019-02-08 23:53:33	0	4001
2019-02-08 23:53:33	0	4002
2019-02-08 23:53:33	0	4003
2019-02-08 23:53:33	0	4005
2019-02-08 23:53:33	0	4006
2019-02-08 23:53:33	0	4007
2019-02-08 23:53:33	1	4008
2019-02-08 23:53:33	0	4009
2019-02-08 23:53:33	1	4010
2019-02-08 23:53:33	0	4011
2019-02-08 23:53:33	0	4012
2019-02-08 23:53:33	1	4013
2019-02-08 23:53:33	0	4014
2019-02-08 23:53:33	0	4015
2019-02-08 23:53:33	0	4016
2019-02-08 23:53:33	0	4017
2019-02-08 23:53:33	1	4018
2019-02-08 23:53:33	1	4019
2019-02-08 23:53:33	0	4020
2019-02-08 23:53:33	1	4021
2019-02-08 23:53:33	1	4023
2019-02-08 23:53:33	0	4024
2019-02-08 23:53:33	1	4025
2019-02-08 23:53:33	0	4027
2019-02-08 23:53:33	0	4029
2019-02-08 23:53:33	1	4030
2019-02-08 23:53:33	0	4031
2019-02-08 23:53:33	0	4032
2019-02-08 23:53:33	0	4033
2019-02-08 23:53:33	0	4035
2019-02-08 23:53:33	0	4036
2019-02-08 23:53:33	0	4037
2019-02-08 23:53:33	0	4038
2019-02-08 23:53:33	0	4039
2019-02-08 23:53:33	0	4040
2019-02-08 23:53:33	0	4041
2019-02-08 23:53:33	0	4042
2019-02-08 23:53:33	0	4043
2019-02-08 23:53:33	0	4044
2019-02-08 23:53:33	0	4046
2019-02-08 23:53:33	0	4047
2019-02-08 23:53:33	0	4048
2019-02-08 23:53:33	0	4049
2019-02-08 23:53:33	0	4050
2019-02-08 23:53:33	0	4051
2019-02-08 23:53:33	0	4052
2019-02-08 23:53:33	0	4053
2019-02-08 23:53:33	0	4055
2019-02-08 23:53:33	0	4057
2019-02-08 23:53:33	0	4058
2019-02-08 23:53:33	0	4059
2019-02-08 23:53:33	0	4060
2019-02-08 23:53:33	0	4061
2019-02-08 23:53:33	0	4062
2019-02-08 23:53:33	0	4063
2019-02-08 23:53:33	0	4064
2019-02-08 23:53:33	0	4066
2019-02-08 23:53:33	0	4067
2019-02-08 23:53:33	0	4068
2019-02-08 23:53:33	0	4069
2019-02-08 23:53:33	0	4070
2019-02-08 23:53:33	0	4071
2019-02-08 23:53:33	0	4083
2019-02-08 23:53:33	0	4084
2019-02-08 23:53:33	0	4085
2019-02-08 23:53:33	0	4086
2019-02-08 23:53:33	0	4087
2019-02-08 23:53:33	0	4088
2019-02-08 23:53:33	1	4090
2019-02-08 23:53:33	0	4091
2019-02-08 23:53:33	0	4101
2019-02-08 23:53:33	0	4102
2019-02-08 23:53:33	0	4104
2019-02-08 23:53:33	0	4105
2019-02-08 23:53:33	0	4106
2019-02-08 23:53:33	0	4109
2019-02-08 23:53:33	0	4111
2019-02-08 23:53:33	0	4112
2019-02-08 23:53:33	0	4114
2019-02-08 23:53:33	0	4116
2019-02-08 23:53:33	0	4117
2019-02-08 23:53:33	0	4118
2019-02-08 23:53:33	0	4119
2019-02-08 23:53:33	0	4120
2019-02-08 23:53:33	0	4121
2019-02-08 23:53:33	0	4122
2019-02-08 23:53:33	0	4123
2019-02-08 23:53:33	1	4125
2019-02-08 23:53:33	0	4126
2019-02-08 23:53:33	0	4128
2019-02-08 23:53:33	0	4129
2019-02-08 23:53:33	0	4130
2019-02-08 23:53:33	0	4131
2019-02-08 23:53:33	0	4171
2019-02-08 23:53:33	1	4172
2019-02-08 23:53:33	1	4173
2019-02-08 23:53:33	0	4174
2019-02-08 23:53:33	1	4176
2019-02-08 23:53:33	1	4177
2019-02-08 23:53:33	0	4178
2019-02-08 23:53:33	1	4179
2019-02-08 23:53:33	0	4180
2019-02-08 23:53:33	1	4181
2019-02-08 23:53:33	1	4182
2019-02-08 23:53:33	1	4183
2019-02-08 23:53:33	1	4184
2019-02-08 23:53:33	0	4185
2019-02-08 23:53:33	1	4188
2019-02-08 23:53:33	0	4189
2019-02-08 23:53:33	1	4190
2019-02-08 23:53:33	0	4192
2019-02-08 23:53:33	0	4193
2019-02-08 23:53:33	1	4195
2019-02-08 23:53:33	1	4197
2019-02-08 23:53:33	1	4198
2019-02-08 23:53:33	1	4200
2019-02-08 23:53:33	1	4201
2019-02-08 23:53:33	0	4202
2019-02-08 23:53:33	1	4204
2019-02-08 23:53:33	1	4205
2019-02-08 23:53:33	1	4206
2019-02-08 23:53:33	0	4207
2019-02-08 23:53:33	0	4208
2019-02-08 23:53:33	0	4209
2019-02-08 23:53:33	0	4212
2019-02-08 23:53:33	0	4216
2019-02-08 23:53:33	0	4220
2019-02-08 23:53:33	1	4222
2019-02-08 23:53:33	1	4224
2019-02-08 23:53:33	0	4228
2019-02-08 23:53:33	0	4233
2019-02-08 23:53:33	0	4234
2019-02-08 23:53:33	1	4235
2019-02-08 23:53:33	1	4236
2019-02-08 23:53:33	0	4237
2019-02-08 23:53:33	0	4238
2019-02-08 23:53:33	1	4239
2019-02-08 23:53:33	0	4240
2019-02-08 23:53:33	1	4241
2019-02-08 23:53:33	0	4242
2019-02-08 23:53:33	0	4244
2019-02-08 23:53:33	0	4245
2019-02-08 23:53:33	0	4246
2019-02-08 23:53:33	0	4247
2019-02-08 23:53:33	0	4248
2019-02-08 23:53:33	0	4249
2019-02-08 23:53:33	0	4251
2019-02-08 23:53:33	0	4252
2019-02-08 23:53:33	0	4253
2019-02-08 23:53:33	0	4254
2019-02-08 23:53:33	0	4256
2019-02-08 23:53:33	0	4257
2019-02-08 23:53:33	0	4258
2019-02-08 23:53:33	0	4259
2019-02-08 23:53:33	0	4260
2019-02-08 23:53:33	0	4261
2019-02-08 23:53:33	0	4262
2019-02-08 23:53:33	1	4263
2019-02-08 23:53:33	0	4264
2019-02-08 23:53:33	0	4265
2019-02-08 23:53:33	0	4266
2019-02-08 23:53:33	1	4267
2019-02-08 23:53:33	0	4268
2019-02-08 23:53:33	0	4269
2019-02-08 23:53:33	0	4270
2019-02-08 23:53:33	0	4271
2019-02-08 23:53:33	0	4272
2019-02-08 23:53:33	0	4273
2019-02-08 23:53:33	0	4274
2019-02-08 23:53:33	0	4275
2019-02-08 23:53:33	0	4276
2019-02-08 23:53:33	0	4277
2019-02-08 23:53:33	0	4278
2019-02-08 23:53:33	0	4279
2019-02-08 23:53:33	0	4281
2019-02-08 23:53:33	0	4282
2019-02-08 23:53:33	0	4283
2019-02-08 23:53:33	0	4284
2019-02-08 23:53:33	0	4285
2019-02-08 23:53:33	0	4286
2019-02-08 23:53:33	0	4287
2019-02-08 23:53:33	1	4288
2019-02-08 23:53:33	0	4289
2019-02-08 23:53:33	0	4290
2019-02-08 23:53:33	0	4291
2019-02-08 23:53:33	0	4292
2019-02-08 23:53:33	0	4293
2019-02-08 23:53:33	0	4294
2019-02-08 23:53:33	0	4295
2019-02-08 23:53:33	0	4296
2019-02-08 23:53:33	0	4297
2019-02-08 23:53:33	0	4298
2019-02-08 23:53:33	0	4299
2019-02-08 23:53:33	0	4300
2019-02-08 23:53:33	0	4301
2019-02-08 23:53:33	0	4302
2019-02-08 23:53:33	0	4303
2019-02-08 23:53:33	0	4304
2019-02-08 23:53:33	0	4307
2019-02-08 23:53:33	0	4308
2019-02-08 23:53:33	0	4309
2019-02-08 23:53:33	0	4310
2019-02-08 23:53:33	0	4311
2019-02-08 23:53:33	0	4312
2019-02-08 23:53:33	0	4313
2019-02-08 23:53:33	0	4314
2019-02-08 23:53:33	0	4315
2019-02-08 23:53:33	0	4317
2019-02-08 23:53:33	0	4318
2019-02-08 23:53:33	0	4319
2019-02-08 23:53:33	0	4320
2019-02-08 23:53:33	1	4323
2019-02-08 23:53:33	0	4324
2019-02-08 23:53:33	1	4325
2019-02-08 23:53:33	0	4326
2019-02-08 23:53:33	0	4327
2019-02-08 23:53:33	0	4328
2019-02-08 23:53:33	1	4329
2019-02-08 23:53:33	0	4330
2019-02-08 23:53:33	0	4334
2019-02-08 23:53:33	1	4335
2019-02-08 23:53:33	1	4336
2019-02-08 23:53:33	1	4337
2019-02-08 23:53:33	0	4338
2019-02-08 23:53:33	1	4339
2019-02-08 23:53:33	0	4340
2019-02-08 23:53:33	0	4341
2019-02-08 23:53:33	0	4342
2019-02-08 23:53:33	0	4343
2019-02-08 23:53:33	0	4344
2019-02-08 23:53:33	0	4345
2019-02-08 23:53:33	0	4346
2019-02-08 23:53:33	0	4347
2019-02-08 23:53:33	1	4349
2019-02-08 23:53:33	1	4350
2019-02-08 23:53:33	0	4354
2019-02-08 23:53:33	1	4355
2019-02-08 23:53:33	0	4356
2019-02-08 23:53:33	0	4357
2019-02-08 23:53:33	0	4358
2019-02-08 23:53:33	0	4359
2019-02-08 23:53:33	0	4360
2019-02-08 23:53:33	0	4361
2019-02-08 23:53:33	1	4362
2019-02-08 23:53:33	1	4363
2019-02-08 23:53:33	0	4364
2019-02-08 23:53:33	0	4365
2019-02-08 23:53:33	0	4366
2019-02-08 23:53:33	0	4367
2019-02-08 23:53:33	0	4368
2019-02-08 23:53:33	0	4370
2019-02-08 23:53:33	0	4371
2019-02-08 23:53:33	0	4372
2019-02-08 23:53:33	0	4373
2019-02-08 23:53:33	0	4374
2019-02-08 23:53:33	1	4376
2019-02-08 23:53:33	0	4377
2019-02-08 23:53:33	0	4378
2019-02-08 23:53:33	0	4379
2019-02-08 23:53:33	1	4380
2019-02-08 23:53:33	1	4381
2019-02-08 23:53:33	0	4382
2019-02-08 23:53:33	0	4383
2019-02-08 23:53:33	0	4384
2019-02-08 23:53:33	0	4385
2019-02-08 23:53:33	0	4386
2019-02-08 23:53:33	0	4387
2019-02-08 23:53:33	1	4388
2019-02-08 23:53:33	1	4389
2019-02-08 23:53:33	0	4390
2019-02-08 23:53:33	0	4391
2019-02-08 23:53:33	0	4392
2019-02-08 23:53:33	0	4394
2019-02-08 23:53:33	1	4395
2019-02-08 23:53:33	0	4396
2019-02-08 23:53:33	0	4397
2019-02-08 23:53:33	0	4398
2019-02-08 23:53:33	0	4399
2019-02-08 23:53:33	0	4400
2019-02-08 23:53:33	0	4401
2019-02-08 23:53:33	1	4402
2019-02-08 23:53:33	0	4403
2019-02-08 23:53:33	1	4404
2019-02-08 23:53:33	0	4405
2019-02-08 23:53:33	0	4406
2019-02-08 23:53:33	0	4421
2019-02-08 23:53:33	0	4423
2019-02-08 23:53:33	0	4424
2019-02-08 23:53:33	0	4426
2019-02-08 23:53:33	0	4427
2019-02-08 23:53:33	0	4428
2019-02-08 23:53:33	1	4429
2019-02-08 23:53:33	0	4430
2019-02-08 23:53:33	0	4431
2019-02-08 23:53:33	0	4432
2019-02-08 23:53:33	0	4433
2019-02-08 23:53:33	0	4434
2019-02-08 23:53:33	0	4435
2019-02-08 23:53:33	0	4436
2019-02-08 23:53:33	0	4437
2019-02-08 23:53:33	1	4438
2019-02-08 23:53:33	1	4439
2019-02-08 23:53:33	1	4440
2019-02-08 23:53:33	0	4441
2019-02-08 23:53:33	0	4442
2019-02-08 23:53:33	0	4443
2019-02-08 23:53:33	0	4444
2019-02-08 23:53:33	0	4446
2019-02-08 23:53:33	0	4453
2019-02-08 23:53:33	1	4454
2019-02-08 23:53:33	1	4520
2019-02-08 23:53:33	1	4549
2019-02-08 23:53:33	1	4553
2019-02-08 23:53:33	0	4559
2019-02-08 23:53:33	0	4560
2019-02-08 23:53:33	0	4561
2019-02-08 23:53:33	1	4562
2019-02-08 23:53:33	1	4563
2019-02-08 23:53:33	0	4564
2019-02-08 23:53:33	0	4565
2019-02-08 23:53:33	1	4566
2019-02-08 23:53:33	0	4567
2019-02-08 23:53:33	0	4568
2019-02-08 23:53:33	0	4569
2019-02-08 23:53:33	0	4570
2019-02-08 23:53:33	1	4572
2019-02-08 23:53:33	1	4573
2019-02-08 23:53:33	1	4574
2019-02-08 23:53:33	0	4575
2019-02-08 23:53:33	1	4576
2019-02-08 23:53:33	1	4577
2019-02-08 23:53:33	0	4578
2019-02-08 23:53:33	0	4579
2019-02-08 23:53:33	0	4649
2019-02-08 23:53:33	0	4650
2019-02-08 23:53:33	0	4651
2019-02-08 23:53:33	0	4652
2019-02-08 23:53:33	0	4653
2019-02-08 23:53:33	1	4654
2019-02-08 23:53:33	0	4655
2019-02-08 23:53:33	0	4656
2019-02-08 23:53:33	1	4657
2019-02-08 23:53:33	1	4690
2019-02-08 23:53:33	1	4692
2019-02-08 23:53:33	1	4694
2019-02-08 23:53:33	1	4696
2019-02-08 23:53:33	1	4697
2019-02-08 23:53:33	1	4698
2019-02-08 23:53:33	1	4699
2019-02-08 23:53:33	1	4701
2019-02-08 23:53:33	0	4703
2019-02-08 23:53:33	0	4705
2019-02-08 23:53:33	0	4710
2019-02-08 23:53:33	1	4712
2019-02-08 23:53:33	1	4714
2019-02-08 23:53:33	1	4715
2019-02-08 23:53:33	1	4716
2019-02-08 23:53:33	1	4717
2019-02-08 23:53:33	1	4719
2019-02-08 23:53:33	0	4721
2019-02-08 23:53:33	1	4723
2019-02-08 23:53:33	1	4725
2019-02-08 23:53:33	0	4727
2019-02-08 23:53:33	1	4729
2019-02-08 23:53:33	1	4731
2019-02-08 23:53:33	1	4735
2019-02-08 23:53:33	1	4739
2019-02-08 23:53:33	1	4745
2019-02-08 23:53:33	0	4746
2019-02-08 23:53:33	0	4748
2019-02-08 23:53:33	0	4750
2019-02-08 23:53:33	0	4751
2019-02-08 23:53:33	0	4752
2019-02-08 23:53:33	0	4753
2019-02-08 23:53:33	1	4757
2019-02-08 23:53:33	1	4758
2019-02-08 23:53:33	1	4759
2019-02-08 23:53:33	0	4794
2019-02-08 23:53:33	0	4795
2019-02-08 23:53:33	1	4797
2019-02-08 23:53:33	0	4798
2019-02-08 23:53:33	0	4799
2019-02-08 23:53:33	1	4800
2019-02-08 23:53:33	1	4801
2019-02-08 23:53:33	1	4802
2019-02-08 23:53:33	1	4803
2019-02-08 23:53:33	1	4804
2019-02-08 23:53:33	1	4805
2019-02-08 23:53:33	1	4806
2019-02-08 23:53:33	1	4807
2019-02-08 23:53:33	1	4808
2019-02-08 23:53:33	0	4809
2019-02-08 23:53:33	0	4811
2019-02-08 23:53:33	0	4813
2019-02-08 23:53:33	0	4814
2019-02-08 23:53:33	0	4817
2019-02-08 23:53:33	0	4818
2019-02-08 23:53:33	1	4819
2019-02-08 23:53:33	1	4820
2019-02-08 23:53:33	0	4821
2019-02-08 23:53:33	1	4822
2019-02-08 23:53:33	0	4823
2019-02-08 23:53:33	0	4824
2019-02-08 23:53:33	1	4825
2019-02-08 23:53:33	1	4826
2019-02-08 23:53:33	0	4827
2019-02-08 23:53:33	0	4828
2019-02-08 23:53:33	0	4829
2019-02-08 23:53:33	0	4830
2019-02-08 23:53:33	1	4831
2019-02-08 23:53:33	0	4832
2019-02-08 23:53:33	0	4833
2019-02-08 23:53:33	0	4834
2019-02-08 23:53:33	0	4837
2019-02-08 23:53:33	0	4838
2019-02-08 23:53:33	0	4839
2019-02-08 23:53:33	0	4840
2019-02-08 23:53:33	0	4841
2019-02-08 23:53:33	0	4842
2019-02-08 23:53:33	0	4843
2019-02-08 23:53:33	0	4844
2019-02-08 23:53:33	0	4845
2019-02-08 23:53:33	0	4846
2019-02-08 23:53:33	0	4847
2019-02-08 23:53:33	0	4848
2019-02-08 23:53:33	0	4849
2019-02-08 23:53:33	0	4850
2019-02-08 23:53:33	1	4851
2019-02-08 23:53:33	0	4852
2019-02-08 23:53:33	0	4853
2019-02-08 23:53:33	0	4855
2019-02-08 23:53:33	1	4857
2019-02-08 23:53:33	0	4861
2019-02-08 23:53:33	0	4863
2019-02-08 23:53:33	1	4865
2019-02-08 23:53:33	0	4866
2019-02-08 23:53:33	1	4867
2019-02-08 23:53:33	0	4868
2019-02-08 23:53:33	0	4869
2019-02-08 23:53:33	0	4876
2019-02-08 23:53:33	0	4877
2019-02-08 23:53:33	1	4878
2019-02-08 23:53:33	1	4879
2019-02-08 23:53:33	1	4881
2019-02-08 23:53:33	1	4883
2019-02-08 23:53:33	1	4885
2019-02-08 23:53:33	0	4887
2019-02-08 23:53:33	1	4889
2019-02-08 23:53:33	0	4893
2019-02-08 23:53:33	0	4895
2019-02-08 23:53:33	1	4897
2019-02-08 23:53:33	1	4899
2019-02-08 23:53:33	0	4901
2019-02-08 23:53:33	0	4903
2019-02-08 23:53:33	0	4905
2019-02-08 23:53:33	0	4907
2019-02-08 23:53:33	0	4909
2019-02-08 23:53:33	0	4911
2019-02-08 23:53:33	0	4913
2019-02-08 23:53:33	1	4915
2019-02-08 23:53:33	0	4917
2019-02-08 23:53:33	0	4919
2019-02-08 23:53:33	1	4921
2019-02-08 23:53:33	1	4927
2019-02-08 23:53:33	1	4929
2019-02-08 23:53:33	1	4933
2019-02-08 23:53:33	1	4937
2019-02-08 23:53:33	1	4939
2019-02-08 23:53:33	0	4941
2019-02-08 23:53:33	1	4944
2019-02-08 23:53:33	1	4946
2019-02-08 23:53:33	1	4948
2019-02-08 23:53:33	0	4956
2019-02-08 23:53:33	1	4958
2019-02-08 23:53:33	1	4960
2019-02-08 23:53:33	1	4962
2019-02-08 23:53:33	1	4964
2019-02-08 23:53:33	0	4966
2019-02-08 23:53:33	1	4968
2019-02-08 23:53:33	1	4970
2019-02-08 23:53:33	1	4972
2019-02-08 23:53:33	0	4974
2019-02-08 23:53:33	1	4976
2019-02-08 23:53:33	0	4978
2019-02-08 23:53:33	0	4981
2019-02-08 23:53:33	0	4982
2019-02-08 23:53:33	0	4983
2019-02-08 23:53:33	0	4985
2019-02-08 23:53:33	1	4987
2019-02-08 23:53:33	0	4989
2019-02-08 23:53:33	0	4991
2019-02-08 23:53:33	0	4993
2019-02-08 23:53:33	0	4995
2019-02-08 23:53:33	1	4997
2019-02-08 23:53:33	1	4999
2019-02-08 23:53:33	0	5001
2019-02-08 23:53:33	1	5003
2019-02-08 23:53:33	0	5005
2019-02-08 23:53:33	1	5007
2019-02-08 23:53:33	0	5009
2019-02-08 23:53:33	1	5011
2019-02-08 23:53:33	0	5013
2019-02-08 23:53:33	0	5015
2019-02-08 23:53:33	0	5017
2019-02-08 23:53:33	1	5019
2019-02-08 23:53:33	0	5021
2019-02-08 23:53:33	0	5022
2019-02-08 23:53:33	1	5023
2019-02-08 23:53:33	1	5026
2019-02-08 23:53:33	1	5028
2019-02-08 23:53:33	1	5029
2019-02-08 23:53:33	1	5030
2019-02-08 23:53:33	0	5031
2019-02-08 23:53:33	0	5032
2019-02-08 23:53:33	0	5033
2019-02-08 23:53:33	0	5035
2019-02-08 23:53:33	1	5036
2019-02-08 23:53:33	0	5037
2019-02-08 23:53:33	1	5038
2019-02-08 23:53:33	0	5039
2019-02-08 23:53:33	0	5040
2019-02-08 23:53:33	0	5041
2019-02-08 23:53:33	0	5042
2019-02-08 23:53:33	1	5043
2019-02-08 23:53:33	1	5046
2019-02-08 23:53:33	0	5047
2019-02-08 23:53:33	0	5048
2019-02-08 23:53:33	0	5049
2019-02-08 23:53:33	0	5050
2019-02-08 23:53:33	1	5051
2019-02-08 23:53:33	0	5052
2019-02-08 23:53:33	0	5053
2019-02-08 23:53:33	0	5054
2019-02-08 23:53:33	0	5055
2019-02-08 23:53:33	0	5056
2019-02-08 23:53:33	0	5057
2019-02-08 23:53:33	0	5058
2019-02-08 23:53:33	0	5059
2019-02-08 23:53:33	0	5060
2019-02-08 23:53:33	0	5061
2019-02-08 23:53:33	1	5062
2019-02-08 23:53:33	1	5063
2019-02-08 23:53:33	0	5064
2019-02-08 23:53:33	0	5065
2019-02-08 23:53:33	0	5066
2019-02-08 23:53:33	0	5067
2019-02-08 23:53:33	1	5068
2019-02-08 23:53:33	0	5069
2019-02-08 23:53:33	0	5070
2019-02-08 23:53:33	0	5071
2019-02-08 23:53:33	0	5072
2019-02-08 23:53:33	0	5073
2019-02-08 23:53:33	0	5074
2019-02-08 23:53:33	0	5075
2019-02-08 23:53:33	0	5076
2019-02-08 23:53:33	0	5077
2019-02-08 23:53:33	0	5078
2019-02-08 23:53:33	0	5079
2019-02-08 23:53:33	0	5080
2019-02-08 23:53:33	0	5081
2019-02-08 23:53:33	0	5082
2019-02-08 23:53:33	0	5083
2019-02-08 23:53:33	0	5084
2019-02-08 23:53:33	0	5085
2019-02-08 23:53:33	0	5086
2019-02-08 23:53:33	1	5087
2019-02-08 23:53:33	0	5088
2019-02-08 23:53:33	1	5089
2019-02-08 23:53:33	0	5090
2019-02-08 23:53:33	0	5091
2019-02-08 23:53:33	0	5092
2019-02-08 23:53:33	0	5093
2019-02-08 23:53:33	0	5094
2019-02-08 23:53:33	0	5095
2019-02-08 23:53:33	0	5096
2019-02-08 23:53:33	0	5097
2019-02-08 23:53:33	0	5098
2019-02-08 23:53:33	0	5099
2019-02-08 23:53:33	0	5100
2019-02-08 23:53:33	0	5101
2019-02-08 23:53:33	0	5102
2019-02-08 23:53:33	0	5103
2019-02-08 23:53:33	0	5104
2019-02-08 23:53:33	0	5105
2019-02-08 23:53:33	0	5106
2019-02-08 23:53:33	0	5107
2019-02-08 23:53:33	0	5108
2019-02-08 23:53:33	0	5109
2019-02-08 23:53:33	0	5110
2019-02-08 23:53:33	0	5111
2019-02-08 23:53:33	0	5112
2019-02-08 23:53:33	0	5113
2019-02-08 23:53:33	0	5114
2019-02-08 23:53:33	0	5115
2019-02-08 23:53:33	0	5116
2019-02-08 23:53:33	0	5117
2019-02-08 23:53:33	0	5118
2019-02-08 23:53:33	0	5119
2019-02-08 23:53:33	0	5120
2019-02-08 23:53:33	0	5121
2019-02-08 23:53:33	1	5122
2019-02-08 23:53:33	0	5123
2019-02-08 23:53:33	0	5125
2019-02-08 23:53:33	0	5126
2019-02-08 23:53:33	1	5127
2019-02-08 23:53:33	1	5128
2019-02-08 23:53:33	0	5129
2019-02-08 23:53:33	0	5130
2019-02-08 23:53:33	0	5131
2019-02-08 23:53:33	0	5132
2019-02-08 23:53:33	1	5133
2019-02-08 23:53:33	0	5134
2019-02-08 23:53:33	1	5135
2019-02-08 23:53:33	1	5136
2019-02-08 23:53:33	0	5137
2019-02-08 23:53:33	0	5138
2019-02-08 23:53:33	0	5139
2019-02-08 23:53:33	0	5140
2019-02-08 23:53:33	0	5141
2019-02-08 23:53:33	0	5142
2019-02-08 23:53:33	0	5143
2019-02-08 23:53:33	0	5144
2019-02-08 23:53:33	0	5145
2019-02-08 23:53:33	0	5146
2019-02-08 23:53:33	0	5147
2019-02-08 23:53:33	0	5148
2019-02-08 23:53:33	0	5149
2019-02-08 23:53:33	1	5150
2019-02-08 23:53:33	1	5151
2019-02-08 23:53:33	0	5152
2019-02-08 23:53:33	0	5153
2019-02-08 23:53:33	1	5154
2019-02-08 23:53:33	0	5155
2019-02-08 23:53:33	0	5156
2019-02-08 23:53:33	1	5157
2019-02-08 23:53:33	0	5158
2019-02-08 23:53:33	1	5160
2019-02-08 23:53:33	1	5161
2019-02-08 23:53:33	1	5162
2019-02-08 23:53:33	1	5163
2019-02-08 23:53:33	1	5165
2019-02-08 23:53:33	1	5166
2019-02-08 23:53:33	1	5167
2019-02-08 23:53:33	0	5170
2019-02-08 23:53:33	1	5171
2019-02-08 23:53:33	1	5172
2019-02-08 23:53:33	0	5173
2019-02-08 23:53:33	0	5176
2019-02-08 23:53:33	0	5177
2019-02-08 23:53:33	0	5178
2019-02-08 23:53:33	1	5180
2019-02-08 23:53:33	0	5181
2019-02-08 23:53:33	0	5183
2019-02-08 23:53:33	0	5184
2019-02-08 23:53:33	0	5185
2019-02-08 23:53:33	1	5201
2019-02-08 23:53:33	1	5202
2019-02-08 23:53:33	1	5203
2019-02-08 23:53:33	0	5204
2019-02-08 23:53:33	1	5205
2019-02-08 23:53:33	1	5206
2019-02-08 23:53:33	1	5207
2019-02-08 23:53:33	0	5211
2019-02-08 23:53:33	1	5224
2019-02-08 23:53:33	1	5225
2019-02-08 23:53:33	1	5226
2019-02-08 23:53:33	1	5227
2019-02-08 23:53:33	1	5228
2019-02-08 23:53:33	1	5229
2019-02-08 23:53:33	1	5230
2019-02-08 23:53:33	1	5231
2019-02-08 23:53:33	1	5232
2019-02-08 23:53:33	1	5233
2019-02-08 23:53:33	1	5234
2019-02-08 23:53:33	0	5235
2019-02-08 23:53:33	1	5236
2019-02-08 23:53:33	1	5237
2019-02-08 23:53:33	0	5238
2019-02-08 23:53:33	1	5239
2019-02-08 23:53:33	1	5240
2019-02-08 23:53:33	0	5245
2019-02-08 23:53:33	1	5246
2019-02-08 23:53:33	1	5247
2019-02-08 23:53:33	1	5248
2019-02-08 23:53:33	1	5249
2019-02-08 23:53:33	1	5250
2019-02-08 23:53:33	0	5251
2019-02-08 23:53:33	0	5252
2019-02-08 23:53:33	1	5253
2019-02-08 23:53:33	1	5254
2019-02-08 23:53:33	1	5255
2019-02-08 23:53:33	1	5256
2019-02-08 23:53:33	1	5257
2019-02-08 23:53:33	0	5258
2019-02-08 23:53:33	0	5259
2019-02-08 23:53:33	0	5260
2019-02-08 23:53:33	1	5261
2019-02-08 23:53:33	0	5262
2019-02-08 23:53:33	0	5263
2019-02-08 23:53:33	0	5264
2019-02-08 23:53:33	1	5265
2019-02-08 23:53:33	0	5266
2019-02-08 23:53:33	0	5267
2019-02-08 23:53:33	0	5268
2019-02-08 23:53:33	0	5269
2019-02-08 23:53:33	1	5270
2019-02-08 23:53:33	1	5271
2019-02-08 23:53:33	1	5272
2019-02-08 23:53:33	1	5273
2019-02-08 23:53:33	0	5274
2019-02-08 23:53:33	0	5286
2019-02-08 23:53:33	1	5300
2019-02-08 23:53:33	0	5301
2019-02-08 23:53:33	1	5302
2019-02-08 23:53:33	1	5303
2019-02-08 23:53:33	0	5304
2019-02-08 23:53:33	1	5305
2019-02-08 23:53:33	0	5306
2019-02-08 23:53:33	0	5307
2019-02-08 23:53:33	0	5308
2019-02-08 23:53:33	0	5309
2019-02-08 23:53:33	1	5311
2019-02-08 23:53:33	0	5312
2019-02-08 23:53:33	1	5313
2019-02-08 23:53:33	0	5314
2019-02-08 23:53:33	0	5315
2019-02-08 23:53:33	0	5316
2019-02-08 23:53:33	0	5317
2019-02-08 23:53:33	0	5318
2019-02-08 23:53:33	0	5321
2019-02-08 23:53:33	0	5322
2019-02-08 23:53:33	0	5323
2019-02-08 23:53:33	0	5324
2019-02-08 23:53:33	0	5325
2019-02-08 23:53:33	0	5326
2019-02-08 23:53:33	0	5327
2019-02-08 23:53:33	0	5328
2019-02-08 23:53:33	0	5329
2019-02-08 23:53:33	0	5330
2019-02-08 23:53:33	0	5331
2019-02-08 23:53:33	0	5332
2019-02-08 23:53:33	1	5333
2019-02-08 23:53:33	1	5336
2019-02-08 23:53:33	0	5345
2019-02-08 23:53:33	1	5346
2019-02-08 23:53:33	1	5347
2019-02-08 23:53:33	1	5348
2019-02-08 23:53:33	1	5349
2019-02-08 23:53:33	1	5351
2019-02-08 23:53:33	1	5352
2019-02-08 23:53:33	0	5353
2019-02-08 23:53:33	1	5354
2019-02-08 23:53:33	1	5355
2019-02-08 23:53:33	1	5356
2019-02-08 23:53:33	1	5357
2019-02-08 23:53:33	0	5358
2019-02-08 23:53:33	1	5359
2019-02-08 23:53:33	1	5360
2019-02-08 23:53:33	1	5361
2019-02-08 23:53:33	0	5362
2019-02-08 23:53:33	1	5363
2019-02-08 23:53:33	0	5364
2019-02-08 23:53:33	0	5367
2019-02-08 23:53:33	1	5368
2019-02-08 23:53:33	1	5369
2019-02-08 23:53:33	0	5370
2019-02-08 23:53:33	0	5371
2019-02-08 23:53:33	1	5372
2019-02-08 23:53:33	0	5373
2019-02-08 23:53:33	0	5374
2019-02-08 23:53:33	0	5375
2019-02-08 23:53:33	0	5376
2019-02-08 23:53:33	1	5378
2019-02-08 23:53:33	1	5383
2019-02-08 23:53:33	0	5384
2019-02-08 23:53:33	1	5385
2019-02-08 23:53:33	0	5386
2019-02-08 23:53:33	0	5387
2019-02-08 23:53:33	0	5388
2019-02-08 23:53:33	0	5389
2019-02-08 23:53:33	0	5390
2019-02-08 23:53:33	0	5391
2019-02-08 23:53:33	0	5392
2019-02-08 23:53:33	0	5393
2019-02-08 23:53:33	0	5394
2019-02-08 23:53:33	1	5395
2019-02-08 23:53:33	0	5396
2019-02-08 23:53:33	0	5397
2019-02-08 23:53:33	0	5398
2019-02-08 23:53:33	0	5399
2019-02-08 23:53:33	0	5400
2019-02-08 23:53:33	0	5401
2019-02-08 23:53:33	1	5405
2019-02-08 23:53:33	0	5406
2019-02-08 23:53:33	0	5407
2019-02-08 23:53:33	1	5408
2019-02-08 23:53:33	0	5409
2019-02-08 23:53:33	0	5410
2019-02-08 23:53:33	0	5411
2019-02-08 23:53:33	0	5412
2019-02-08 23:53:33	0	5413
2019-02-08 23:53:33	1	5414
2019-02-08 23:53:33	0	5416
2019-02-08 23:53:33	0	5417
2019-02-08 23:53:33	0	5424
2019-02-08 23:53:33	0	5425
2019-02-08 23:53:33	0	5426
2019-02-08 23:53:33	0	5427
2019-02-08 23:53:33	0	5428
2019-02-08 23:53:33	0	5429
2019-02-08 23:53:33	0	5430
2019-02-08 23:53:33	0	5431
2019-02-08 23:53:33	0	5432
2019-02-08 23:53:33	0	5433
2019-02-08 23:53:33	1	5434
2019-02-08 23:53:33	0	5435
2019-02-08 23:53:33	1	5436
2019-02-08 23:53:33	0	5437
2019-02-08 23:53:33	0	5438
2019-02-08 23:53:33	0	5439
2019-02-08 23:53:33	0	5440
2019-02-08 23:53:33	1	5441
2019-02-08 23:53:33	1	5442
2019-02-08 23:53:33	0	5443
2019-02-08 23:53:33	1	5444
2019-02-08 23:53:33	1	5445
2019-02-08 23:53:33	1	5446
2019-02-08 23:53:33	0	5447
2019-02-08 23:53:33	1	5448
2019-02-08 23:53:33	0	5449
2019-02-08 23:53:33	1	5450
2019-02-08 23:53:33	1	5451
2019-02-08 23:53:33	1	5452
2019-02-08 23:53:33	0	5453
2019-02-08 23:53:33	0	5454
2019-02-08 23:53:33	0	5455
2019-02-08 23:53:33	0	5456
2019-02-08 23:53:33	0	5457
2019-02-08 23:53:33	0	5458
2019-02-08 23:53:33	0	5459
2019-02-08 23:53:33	0	5460
2019-02-08 23:53:33	0	5461
2019-02-08 23:53:33	0	5462
2019-02-08 23:53:33	0	5463
2019-02-08 23:53:33	0	5464
2019-02-08 23:53:33	0	5465
2019-02-08 23:53:33	0	5466
2019-02-08 23:53:33	0	5467
2019-02-08 23:53:33	0	5468
2019-02-08 23:53:33	1	5469
2019-02-08 23:53:33	0	5470
2019-02-08 23:53:33	1	5471
2019-02-08 23:53:33	1	5472
2019-02-08 23:53:33	0	5474
2019-02-08 23:53:33	0	5475
2019-02-08 23:53:33	0	5476
2019-02-08 23:53:33	0	5477
2019-02-08 23:53:33	0	5478
2019-02-08 23:53:33	0	5479
2019-02-08 23:53:33	1	5480
2019-02-08 23:53:33	1	5481
2019-02-08 23:53:33	0	5482
2019-02-08 23:53:33	0	5483
2019-02-08 23:53:33	0	5484
2019-02-08 23:53:33	0	5485
2019-02-08 23:53:33	0	5486
2019-02-08 23:53:33	0	5487
2019-02-08 23:53:33	0	5488
2019-02-08 23:53:33	1	5489
2019-02-08 23:53:33	0	5491
2019-02-08 23:53:33	1	5493
2019-02-08 23:53:33	1	5583
2019-02-08 23:53:33	1	5584
2019-02-08 23:53:33	0	5585
2019-02-08 23:53:33	0	5586
2019-02-08 23:53:33	0	5587
2019-02-08 23:53:33	0	5588
2019-02-08 23:53:33	1	5589
2019-02-08 23:53:33	0	5590
2019-02-08 23:53:33	1	5600
2019-02-08 23:53:33	0	5601
2019-02-08 23:53:33	1	5602
2019-02-08 23:53:33	0	5603
2019-02-08 23:53:33	0	5604
2019-02-08 23:53:33	1	5605
2019-02-08 23:53:33	1	5606
2019-02-08 23:53:33	1	5607
2019-02-08 23:53:33	0	5608
2019-02-08 23:53:33	1	5609
2019-02-08 23:53:33	1	5610
2019-02-08 23:53:33	0	5611
2019-02-08 23:53:33	0	5612
2019-02-08 23:53:33	1	5614
2019-02-08 23:53:33	1	5615
2019-02-08 23:53:33	0	5616
2019-02-08 23:53:33	0	5617
2019-02-08 23:53:33	1	5618
2019-02-08 23:53:33	0	5619
2019-02-08 23:53:33	0	5620
2019-02-08 23:53:33	1	5621
2019-02-08 23:53:33	0	5622
2019-02-08 23:53:33	0	5623
2019-02-08 23:53:33	0	5624
2019-02-08 23:53:33	1	5625
2019-02-08 23:53:33	1	5626
2019-02-08 23:53:33	1	5627
2019-02-08 23:53:33	1	5628
2019-02-08 23:53:33	0	5629
2019-02-08 23:53:33	0	5630
2019-02-08 23:53:33	0	5631
2019-02-08 23:53:33	0	5632
2019-02-08 23:53:33	1	5634
2019-02-08 23:53:33	0	5635
2019-02-08 23:53:33	1	5636
2019-02-08 23:53:33	0	5637
2019-02-08 23:53:33	0	5638
2019-02-08 23:53:33	1	5639
2019-02-08 23:53:33	0	5640
2019-02-08 23:53:33	0	5641
2019-02-08 23:53:33	0	5642
2019-02-08 23:53:33	0	5643
2019-02-08 23:53:33	1	5644
2019-02-08 23:53:33	1	5645
2019-02-08 23:53:33	0	5646
2019-02-08 23:53:33	0	5647
2019-02-08 23:53:33	0	5648
2019-02-08 23:53:33	1	5649
2019-02-08 23:53:33	0	5650
2019-02-08 23:53:33	0	5651
2019-02-08 23:53:33	1	5652
2019-02-08 23:53:33	0	5653
2019-02-08 23:53:33	0	5654
2019-02-08 23:53:33	0	5655
2019-02-08 23:53:33	1	5656
2019-02-08 23:53:33	0	5657
2019-02-08 23:53:33	1	5658
2019-02-08 23:53:33	0	5659
2019-02-08 23:53:33	0	5660
2019-02-08 23:53:33	0	5661
2019-02-08 23:53:33	0	5662
2019-02-08 23:53:33	0	5663
2019-02-08 23:53:33	0	5664
2019-02-08 23:53:33	0	5665
2019-02-08 23:53:33	0	5666
2019-02-08 23:53:33	0	5668
2019-02-08 23:53:33	0	5669
2019-02-08 23:53:33	0	5670
2019-02-08 23:53:33	0	5671
2019-02-08 23:53:33	0	5672
2019-02-08 23:53:33	0	5673
2019-02-08 23:53:33	0	5674
2019-02-08 23:53:33	0	5675
2019-02-08 23:53:33	0	5676
2019-02-08 23:53:33	0	5677
2019-02-08 23:53:33	0	5678
2019-02-08 23:53:33	0	5679
2019-02-08 23:53:33	0	5680
2019-02-08 23:53:33	0	5681
2019-02-08 23:53:33	0	5682
2019-02-08 23:53:33	0	5683
2019-02-08 23:53:33	0	5684
2019-02-08 23:53:33	0	5685
2019-02-08 23:53:33	0	5686
2019-02-08 23:53:33	0	5687
2019-02-08 23:53:33	0	5688
2019-02-08 23:53:33	0	5689
2019-02-08 23:53:33	0	5690
2019-02-08 23:53:33	0	5691
2019-02-08 23:53:33	0	5692
2019-02-08 23:53:33	0	5693
2019-02-08 23:53:33	0	5694
2019-02-08 23:53:33	0	5695
2019-02-08 23:53:33	0	5696
2019-02-08 23:53:33	0	5697
2019-02-08 23:53:33	0	5698
2019-02-08 23:53:33	0	5699
2019-02-08 23:53:33	0	5700
2019-02-08 23:53:33	0	5708
2019-02-08 23:53:33	0	5709
2019-02-08 23:53:33	0	5710
2019-02-08 23:53:33	0	5711
2019-02-08 23:53:33	0	5712
2019-02-08 23:53:33	0	5713
2019-02-08 23:53:33	1	5714
2019-02-08 23:53:33	0	5715
2019-02-08 23:53:33	0	5716
2019-02-08 23:53:33	0	5717
2019-02-08 23:53:33	1	5718
2019-02-08 23:53:33	0	5719
2019-02-08 23:53:33	1	5720
2019-02-08 23:53:33	0	5721
2019-02-08 23:53:33	1	5722
2019-02-08 23:53:33	1	5723
2019-02-08 23:53:33	1	5724
2019-02-08 23:53:33	0	5725
2019-02-08 23:53:33	0	5726
2019-02-08 23:53:33	0	5727
2019-02-08 23:53:33	0	5728
2019-02-08 23:53:33	1	5730
2019-02-08 23:53:33	0	5731
2019-02-08 23:53:33	0	5732
2019-02-08 23:53:33	0	5733
2019-02-08 23:53:33	0	5734
2019-02-08 23:53:33	0	5735
2019-02-08 23:53:33	0	5736
2019-02-08 23:53:33	0	5737
2019-02-08 23:53:33	0	5738
2019-02-08 23:53:33	0	5739
2019-02-08 23:53:33	0	5740
2019-02-08 23:53:33	1	5741
2019-02-08 23:53:33	0	5742
2019-02-08 23:53:33	1	5743
2019-02-08 23:53:33	0	5744
2019-02-08 23:53:33	0	5745
2019-02-08 23:53:33	1	5749
2019-02-08 23:53:33	0	5750
2019-02-08 23:53:33	0	5751
2019-02-08 23:53:33	0	5752
2019-02-08 23:53:33	0	5753
2019-02-08 23:53:33	0	5754
2019-02-08 23:53:33	1	5755
2019-02-08 23:53:33	0	5756
2019-02-08 23:53:33	0	5757
2019-02-08 23:53:33	1	5758
2019-02-08 23:53:33	0	5759
2019-02-08 23:53:33	0	5760
2019-02-08 23:53:33	0	5761
2019-02-08 23:53:33	0	5762
2019-02-08 23:53:33	0	5763
2019-02-08 23:53:33	0	5764
2019-02-08 23:53:33	0	5765
2019-02-08 23:53:33	0	5766
2019-02-08 23:53:33	0	5767
2019-02-08 23:53:33	0	5768
2019-02-08 23:53:33	0	5769
2019-02-08 23:53:33	0	5770
2019-02-08 23:53:33	0	5771
2019-02-08 23:53:33	0	5772
2019-02-08 23:53:33	0	5773
2019-02-08 23:53:33	0	5774
2019-02-08 23:53:33	1	5775
2019-02-08 23:53:33	0	5776
2019-02-08 23:53:33	1	5777
2019-02-08 23:53:33	0	5780
2019-02-08 23:53:33	0	5781
2019-02-08 23:53:33	0	5782
2019-02-08 23:53:33	1	5783
2019-02-08 23:53:33	0	5784
2019-02-08 23:53:33	0	5785
2019-02-08 23:53:33	0	5787
2019-02-08 23:53:33	0	5788
2019-02-08 23:53:33	1	5789
2019-02-08 23:53:33	0	5790
2019-02-08 23:53:33	0	5791
2019-02-08 23:53:33	0	5793
2019-02-08 23:53:33	0	5794
2019-02-08 23:53:33	0	5795
2019-02-08 23:53:33	0	5796
2019-02-08 23:53:33	0	5797
2019-02-08 23:53:33	0	5798
2019-02-08 23:53:33	0	5799
2019-02-08 23:53:33	0	5800
2019-02-08 23:53:33	0	5801
2019-02-08 23:53:33	0	5802
2019-02-08 23:53:33	1	5803
2019-02-08 23:53:33	0	5804
2019-02-08 23:53:33	0	5805
2019-02-08 23:53:33	0	5806
2019-02-08 23:53:33	1	5809
2019-02-08 23:53:33	0	5810
2019-02-08 23:53:33	0	5811
2019-02-08 23:53:33	0	5812
2019-02-08 23:53:33	0	5813
2019-02-08 23:53:33	0	5814
2019-02-08 23:53:33	0	5815
2019-02-08 23:53:33	0	5816
2019-02-08 23:53:33	0	5817
2019-02-08 23:53:33	0	5818
2019-02-08 23:53:33	0	5819
2019-02-08 23:53:33	0	5820
2019-02-08 23:53:33	0	5821
2019-02-08 23:53:33	0	5850
2019-02-08 23:53:33	0	5851
2019-02-08 23:53:33	1	5852
2019-02-08 23:53:33	0	5853
2019-02-08 23:53:33	0	5854
2019-02-08 23:53:33	1	5855
2019-02-08 23:53:33	0	5856
2019-02-08 23:53:33	0	5857
2019-02-08 23:53:33	0	5858
2019-02-08 23:53:33	0	5859
2019-02-08 23:53:33	1	5860
2019-02-08 23:53:33	0	5861
2019-02-08 23:53:33	0	5862
2019-02-08 23:53:33	1	5864
2019-02-08 23:53:33	0	5866
2019-02-08 23:53:33	0	5867
2019-02-08 23:53:33	0	5868
2019-02-08 23:53:33	1	5869
2019-02-08 23:53:33	0	5870
2019-02-08 23:53:33	0	5871
2019-02-08 23:53:33	1	5872
2019-02-08 23:53:33	1	5873
2019-02-08 23:53:33	1	5874
2019-02-08 23:53:33	1	5875
2019-02-08 23:53:33	1	5876
2019-02-08 23:53:33	0	5877
2019-02-08 23:53:33	0	5878
2019-02-08 23:53:33	0	5879
2019-02-08 23:53:33	1	5880
2019-02-08 23:53:33	1	5881
2019-02-08 23:53:33	1	5882
2019-02-08 23:53:33	1	5884
2019-02-08 23:53:33	1	5886
2019-02-08 23:53:33	0	5887
2019-02-08 23:53:33	0	5888
2019-02-08 23:53:33	0	5889
2019-02-08 23:53:33	1	5890
2019-02-08 23:53:33	1	5891
2019-02-08 23:53:33	1	5892
2019-02-08 23:53:33	1	5893
2019-02-08 23:53:33	1	5894
2019-02-08 23:53:33	0	5895
2019-02-08 23:53:33	1	5896
2019-02-08 23:53:33	0	5897
2019-02-08 23:53:33	0	5898
2019-02-08 23:53:33	1	5899
2019-02-08 23:53:33	1	5900
2019-02-08 23:53:33	1	5902
2019-02-08 23:53:33	0	5903
2019-02-08 23:53:33	1	5904
2019-02-08 23:53:33	1	5905
2019-02-08 23:53:33	1	5906
2019-02-08 23:53:33	1	5907
2019-02-08 23:53:33	1	5909
2019-02-08 23:53:33	1	5910
2019-02-08 23:53:33	1	5911
2019-02-08 23:53:33	0	5912
2019-02-08 23:53:33	1	5914
2019-02-08 23:53:33	1	5915
2019-02-08 23:53:33	1	5916
2019-02-08 23:53:33	0	5917
2019-02-08 23:53:33	0	5918
2019-02-08 23:53:33	1	5919
2019-02-08 23:53:33	0	5920
2019-02-08 23:53:33	0	5921
2019-02-08 23:53:33	1	5922
2019-02-08 23:53:33	0	5923
2019-02-08 23:53:33	0	5924
2019-02-08 23:53:33	0	5925
2019-02-08 23:53:33	0	5926
2019-02-08 23:53:33	0	5927
2019-02-08 23:53:33	0	5928
2019-02-08 23:53:33	1	5929
2019-02-08 23:53:33	1	5982
2019-02-08 23:53:33	0	5983
2019-02-08 23:53:33	0	5996
2019-02-08 23:53:33	0	6005
2019-02-08 23:53:33	0	6007
2019-02-08 23:53:33	0	6008
2019-02-08 23:53:33	1	6009
2019-02-08 23:53:33	0	6010
2019-02-08 23:53:33	0	6015
2019-02-08 23:53:33	1	6016
2019-02-08 23:53:33	0	6017
2019-02-08 23:53:33	0	6018
2019-02-08 23:53:33	0	6019
2019-02-08 23:53:33	0	6020
2019-02-08 23:53:33	0	6021
2019-02-08 23:53:33	0	6022
2019-02-08 23:53:33	0	6023
2019-02-08 23:53:33	0	6024
2019-02-08 23:53:33	0	6026
2019-02-08 23:53:33	0	6035
2019-02-08 23:53:33	1	6037
2019-02-08 23:53:33	1	6038
2019-02-08 23:53:33	0	6039
2019-02-08 23:53:33	0	6044
2019-02-08 23:53:33	0	6045
2019-02-08 23:53:33	0	6047
2019-02-08 23:53:33	0	6048
2019-02-08 23:53:33	0	6049
2019-02-08 23:53:33	0	6050
2019-02-08 23:53:33	1	6051
2019-02-08 23:53:33	0	6052
2019-02-08 23:53:33	0	6053
2019-02-08 23:53:33	0	6054
2019-02-08 23:53:33	1	6055
2019-02-08 23:53:33	0	6056
2019-02-08 23:53:33	1	6057
2019-02-08 23:53:33	0	6058
2019-02-08 23:53:33	0	6059
2019-02-08 23:53:33	0	6060
2019-02-08 23:53:33	1	6061
2019-02-08 23:53:33	0	6063
2019-02-08 23:53:33	0	6064
2019-02-08 23:53:33	0	6065
2019-02-08 23:53:33	0	6066
2019-02-08 23:53:33	1	6067
2019-02-08 23:53:33	0	6068
2019-02-08 23:53:33	1	6069
2019-02-08 23:53:33	1	6070
2019-02-08 23:53:33	0	6072
2019-02-08 23:53:33	0	6073
2019-02-08 23:53:33	0	6074
2019-02-08 23:53:33	1	6075
2019-02-08 23:53:33	0	6076
2019-02-08 23:53:33	1	6077
2019-02-08 23:53:33	0	6078
2019-02-08 23:53:33	0	6079
2019-02-08 23:53:33	0	6080
2019-02-08 23:53:33	0	6081
2019-02-08 23:53:33	0	6082
2019-02-08 23:53:33	1	6083
2019-02-08 23:53:33	1	6084
2019-02-08 23:53:33	0	6085
2019-02-08 23:53:33	0	6086
2019-02-08 23:53:33	1	6087
2019-02-08 23:53:33	1	6088
2019-02-08 23:53:33	0	6089
2019-02-08 23:53:33	0	6090
2019-02-08 23:53:33	1	6091
2019-02-08 23:53:33	1	6092
2019-02-08 23:53:33	0	6093
2019-02-08 23:53:33	1	6101
2019-02-08 23:53:33	1	6102
2019-02-08 23:53:33	1	6103
2019-02-08 23:53:33	1	6104
2019-02-08 23:53:33	1	6105
2019-02-08 23:53:33	1	6106
2019-02-08 23:53:33	1	6107
2019-02-08 23:53:33	1	6108
2019-02-08 23:53:33	1	6109
2019-02-08 23:53:33	1	6110
2019-02-08 23:53:33	0	6111
2019-02-08 23:53:33	1	6112
2019-02-08 23:53:33	1	6113
2019-02-08 23:53:33	1	6114
2019-02-08 23:53:33	1	6115
2019-02-08 23:53:33	1	6116
2019-02-08 23:53:33	1	6117
2019-02-08 23:53:33	1	6118
2019-02-08 23:53:33	1	6119
2019-02-08 23:53:33	1	6120
2019-02-08 23:53:33	1	6121
2019-02-08 23:53:33	1	6122
2019-02-08 23:53:33	1	6123
2019-02-08 23:53:33	0	6124
2019-02-08 23:53:33	1	6125
2019-02-08 23:53:33	0	6126
2019-02-08 23:53:33	1	6127
2019-02-08 23:53:33	1	6128
2019-02-08 23:53:33	0	6129
2019-02-08 23:53:33	1	6130
2019-02-08 23:53:33	0	6131
2019-02-08 23:53:33	1	6132
2019-02-08 23:53:33	1	6133
2019-02-08 23:53:33	1	6135
2019-02-08 23:53:33	0	6136
2019-02-08 23:53:33	0	6137
2019-02-08 23:53:33	1	6138
2019-02-08 23:53:33	0	6139
2019-02-08 23:53:33	1	6140
2019-02-08 23:53:33	1	6141
2019-02-08 23:53:33	0	6142
2019-02-08 23:53:33	0	6143
2019-02-08 23:53:33	1	6145
2019-02-08 23:53:33	0	6146
2019-02-08 23:53:33	1	6147
2019-02-08 23:53:33	1	6148
2019-02-08 23:53:33	1	6149
2019-02-08 23:53:33	1	6150
2019-02-08 23:53:33	1	6151
2019-02-08 23:53:33	1	6152
2019-02-08 23:53:33	1	6153
2019-02-08 23:53:33	1	6154
2019-02-08 23:53:33	1	6155
2019-02-08 23:53:33	0	6169
2019-02-08 23:53:33	1	6170
2019-02-08 23:53:33	0	6171
2019-02-08 23:53:33	1	6172
2019-02-08 23:53:33	0	6173
2019-02-08 23:53:33	0	6174
2019-02-08 23:53:33	1	6175
2019-02-08 23:53:33	0	6177
2019-02-08 23:53:33	0	6178
2019-02-08 23:53:33	0	6179
2019-02-08 23:53:33	0	6180
2019-02-08 23:53:33	0	6181
2019-02-08 23:53:33	1	6182
2019-02-08 23:53:33	1	6183
2019-02-08 23:53:33	0	6184
2019-02-08 23:53:33	1	6185
2019-02-08 23:53:33	0	6186
2019-02-08 23:53:33	1	6188
2019-02-08 23:53:33	1	6189
2019-02-08 23:53:33	1	6190
2019-02-08 23:53:33	1	6191
2019-02-08 23:53:33	1	6192
2019-02-08 23:53:33	0	6193
2019-02-08 23:53:33	0	6194
2019-02-08 23:53:33	0	6195
2019-02-08 23:53:33	0	6196
2019-02-08 23:53:33	0	6197
2019-02-08 23:53:33	1	6198
2019-02-08 23:53:33	0	6199
2019-02-08 23:53:33	1	6200
2019-02-08 23:53:33	0	6201
2019-02-08 23:53:33	0	6202
2019-02-08 23:53:33	0	6203
2019-02-08 23:53:33	0	6204
2019-02-08 23:53:33	0	6205
2019-02-08 23:53:33	1	6206
2019-02-08 23:53:33	1	6207
2019-02-08 23:53:33	0	6208
2019-02-08 23:53:33	0	6209
2019-02-08 23:53:33	0	6210
2019-02-08 23:53:33	0	6211
2019-02-08 23:53:33	0	6212
2019-02-08 23:53:33	0	6213
2019-02-08 23:53:33	0	6214
2019-02-08 23:53:33	0	6215
2019-02-08 23:53:33	0	6216
2019-02-08 23:53:33	0	6217
2019-02-08 23:53:33	0	6218
2019-02-08 23:53:33	1	6219
2019-02-08 23:53:33	0	6220
2019-02-08 23:53:33	0	6221
2019-02-08 23:53:33	0	6222
2019-02-08 23:53:33	1	6223
2019-02-08 23:53:33	1	6224
2019-02-08 23:53:33	1	6225
2019-02-08 23:53:33	1	6226
2019-02-08 23:53:33	1	6227
2019-02-08 23:53:33	1	6228
2019-02-08 23:53:33	1	6229
2019-02-08 23:53:33	1	6230
2019-02-08 23:53:33	1	6231
2019-02-08 23:53:33	1	6232
2019-02-08 23:53:33	1	6233
2019-02-08 23:53:33	1	6234
2019-02-08 23:53:33	1	6235
2019-02-08 23:53:33	1	6236
2019-02-08 23:53:33	1	6237
2019-02-08 23:53:33	1	6238
2019-02-08 23:53:33	0	6239
2019-02-08 23:53:33	0	6240
2019-02-08 23:53:33	1	6241
2019-02-08 23:53:33	1	6242
2019-02-08 23:53:33	0	6243
2019-02-08 23:53:33	0	6244
2019-02-08 23:53:33	0	6246
2019-02-08 23:53:33	0	6247
2019-02-08 23:53:33	0	6248
2019-02-08 23:53:33	0	6249
2019-02-08 23:53:33	1	6250
2019-02-08 23:53:33	0	6251
2019-02-08 23:53:33	1	6252
2019-02-08 23:53:33	1	6253
2019-02-08 23:53:33	0	6254
2019-02-08 23:53:33	0	6255
2019-02-08 23:53:33	1	6256
2019-02-08 23:53:33	1	6257
2019-02-08 23:53:33	1	6258
2019-02-08 23:53:33	1	6259
2019-02-08 23:53:33	1	6260
2019-02-08 23:53:33	0	6261
2019-02-08 23:53:33	0	6262
2019-02-08 23:53:33	1	6263
2019-02-08 23:53:33	0	6264
2019-02-08 23:53:33	0	6265
2019-02-08 23:53:33	0	6266
2019-02-08 23:53:33	0	6267
2019-02-08 23:53:33	0	6268
2019-02-08 23:53:33	0	6269
2019-02-08 23:53:33	0	6270
2019-02-08 23:53:33	1	6271
2019-02-08 23:53:33	0	6272
2019-02-08 23:53:33	0	6273
2019-02-08 23:53:33	0	6274
2019-02-08 23:53:33	0	6275
2019-02-08 23:53:33	0	6277
2019-02-08 23:53:33	0	6278
2019-02-08 23:53:33	0	6279
2019-02-08 23:53:33	0	6280
2019-02-08 23:53:33	0	6281
2019-02-08 23:53:33	0	6282
2019-02-08 23:53:33	0	6283
2019-02-08 23:53:33	0	6284
2019-02-08 23:53:33	0	6285
2019-02-08 23:53:33	0	6286
2019-02-08 23:53:33	0	6287
2019-02-08 23:53:33	0	6288
2019-02-08 23:53:33	1	6289
2019-02-08 23:53:33	1	6290
2019-02-08 23:53:33	1	6292
2019-02-08 23:53:33	0	6293
2019-02-08 23:53:33	0	6294
2019-02-08 23:53:33	0	6295
2019-02-08 23:53:33	1	6296
2019-02-08 23:53:33	0	6297
2019-02-08 23:53:33	0	6298
2019-02-08 23:53:33	0	6302
2019-02-08 23:53:33	0	6303
2019-02-08 23:53:33	0	6304
2019-02-08 23:53:33	0	6305
2019-02-08 23:53:33	1	6306
2019-02-08 23:53:33	1	6307
2019-02-08 23:53:33	1	6308
2019-02-08 23:53:33	1	6309
2019-02-08 23:53:33	0	6310
2019-02-08 23:53:33	0	6312
2019-02-08 23:53:33	1	6320
2019-02-08 23:53:33	1	6321
2019-02-08 23:53:33	1	6322
2019-02-08 23:53:33	1	6323
2019-02-08 23:53:33	1	6324
2019-02-08 23:53:33	0	6325
2019-02-08 23:53:33	1	6326
2019-02-08 23:53:33	1	6327
2019-02-08 23:53:33	1	6328
2019-02-08 23:53:33	1	6329
2019-02-08 23:53:33	0	6330
2019-02-08 23:53:33	1	6332
2019-02-08 23:53:33	1	6333
2019-02-08 23:53:33	1	6334
2019-02-08 23:53:33	1	6335
2019-02-08 23:53:33	1	6350
2019-02-08 23:53:33	0	6351
2019-02-08 23:53:33	0	6352
2019-02-08 23:53:33	1	6358
2019-02-08 23:53:33	1	6359
2019-02-08 23:53:33	1	6360
2019-02-08 23:53:33	1	6361
2019-02-08 23:53:33	1	6362
2019-02-08 23:53:33	0	6372
2019-02-08 23:53:33	1	6373
2019-02-08 23:53:33	0	6374
2019-02-08 23:53:33	0	6375
2019-02-08 23:53:33	0	6376
2019-02-08 23:53:33	1	6377
2019-02-08 23:53:33	0	6378
2019-02-08 23:53:33	0	6380
2019-02-08 23:53:33	0	6382
2019-02-08 23:53:33	1	6383
2019-02-08 23:53:33	0	6384
2019-02-08 23:53:33	0	6385
2019-02-08 23:53:33	0	6386
2019-02-08 23:53:33	0	6387
2019-02-08 23:53:33	1	6388
2019-02-08 23:53:33	0	6389
2019-02-08 23:53:33	0	6390
2019-02-08 23:53:33	0	6391
2019-02-08 23:53:33	0	6393
2019-02-08 23:53:33	0	6394
2019-02-08 23:53:33	0	6395
2019-02-08 23:53:33	0	6396
2019-02-08 23:53:33	1	6398
2019-02-08 23:53:33	1	6399
2019-02-08 23:53:33	0	6400
2019-02-08 23:53:33	1	6401
2019-02-08 23:53:33	0	6403
2019-02-08 23:53:33	0	6404
2019-02-08 23:53:33	0	6405
2019-02-08 23:53:33	1	6406
2019-02-08 23:53:33	1	6408
2019-02-08 23:53:33	1	6409
2019-02-08 23:53:33	1	6410
2019-02-08 23:53:33	1	6411
2019-02-08 23:53:33	0	6412
2019-02-08 23:53:33	0	6413
2019-02-08 23:53:33	1	6414
2019-02-08 23:53:33	0	6415
2019-02-08 23:53:33	1	6416
2019-02-08 23:53:33	0	6417
2019-02-08 23:53:33	1	6418
2019-02-08 23:53:33	0	6419
2019-02-08 23:53:33	0	6420
2019-02-08 23:53:33	0	6421
2019-02-08 23:53:33	0	6422
2019-02-08 23:53:33	0	6423
2019-02-08 23:53:33	0	6424
2019-02-08 23:53:33	1	6425
2019-02-08 23:53:33	1	6426
2019-02-08 23:53:33	1	6427
2019-02-08 23:53:33	1	6428
2019-02-08 23:53:33	1	6429
2019-02-08 23:53:33	0	6430
2019-02-08 23:53:33	1	6431
2019-02-08 23:53:33	0	6432
2019-02-08 23:53:33	1	6433
2019-02-08 23:53:33	1	6434
2019-02-08 23:53:33	1	6435
2019-02-08 23:53:33	1	6436
2019-02-08 23:53:33	0	6437
2019-02-08 23:53:33	0	6438
2019-02-08 23:53:33	0	6439
2019-02-08 23:53:33	1	6442
2019-02-08 23:53:33	0	6443
2019-02-08 23:53:33	1	6445
2019-02-08 23:53:33	1	6453
2019-02-08 23:53:33	1	6454
2019-02-08 23:53:33	0	6455
2019-02-08 23:53:33	0	6456
2019-02-08 23:53:33	0	6465
2019-02-08 23:53:33	0	6466
2019-02-08 23:53:33	0	6467
2019-02-08 23:53:33	1	6468
2019-02-08 23:53:33	1	6469
2019-02-08 23:53:33	1	6470
2019-02-08 23:53:33	1	6471
2019-02-08 23:53:33	0	6472
2019-02-08 23:53:33	0	6474
2019-02-08 23:53:33	1	6482
2019-02-08 23:53:33	1	6483
2019-02-08 23:53:33	1	6484
2019-02-08 23:53:33	1	6485
2019-02-08 23:53:33	1	6486
2019-02-08 23:53:33	0	6487
2019-02-08 23:53:33	0	6488
2019-02-08 23:53:33	1	6489
2019-02-08 23:53:33	1	6490
2019-02-08 23:53:33	1	6491
2019-02-08 23:53:33	1	6492
2019-02-08 23:53:33	1	6493
2019-02-08 23:53:33	1	6495
2019-02-08 23:53:33	1	6496
2019-02-08 23:53:33	0	6517
2019-02-08 23:53:33	1	6518
2019-02-08 23:53:33	0	6519
2019-02-08 23:53:33	0	6520
2019-02-08 23:53:33	0	6521
2019-02-08 23:53:33	1	6522
2019-02-08 23:53:33	1	6523
2019-02-08 23:53:33	0	6524
2019-02-08 23:53:33	0	6525
2019-02-08 23:53:33	0	6533
2019-02-08 23:53:33	1	6534
2019-02-08 23:53:33	0	6535
2019-02-08 23:53:33	1	6536
2019-02-08 23:53:33	1	6538
2019-02-08 23:53:33	0	6541
2019-02-08 23:53:33	0	6542
2019-02-08 23:53:33	0	6543
2019-02-08 23:53:33	0	6544
2019-02-08 23:53:33	1	6545
2019-02-08 23:53:33	1	6554
2019-02-08 23:53:33	0	6555
2019-02-08 23:53:33	1	6556
2019-02-08 23:53:33	0	6558
2019-02-08 23:53:33	0	6568
2019-02-08 23:53:33	1	6569
2019-02-08 23:53:33	1	6570
2019-02-08 23:53:33	0	6571
2019-02-08 23:53:33	0	6572
2019-02-08 23:53:33	0	6578
2019-02-08 23:53:33	1	6585
2019-02-08 23:53:33	0	6586
2019-02-08 23:53:33	0	6587
2019-02-08 23:53:33	0	6588
2019-02-08 23:53:33	0	6589
2019-02-08 23:53:33	0	6590
2019-02-08 23:53:33	0	6591
2019-02-08 23:53:33	0	6603
2019-02-08 23:53:33	1	6604
2019-02-08 23:53:33	1	6605
2019-02-08 23:53:33	0	6606
2019-02-08 23:53:33	1	6607
2019-02-08 23:53:33	0	6608
2019-02-08 23:53:33	1	6609
2019-02-08 23:53:33	1	6610
2019-02-08 23:53:33	1	6611
2019-02-08 23:53:33	0	6612
2019-02-08 23:53:33	1	6613
2019-02-08 23:53:33	1	6614
2019-02-08 23:53:33	1	6615
2019-02-08 23:53:33	1	6616
2019-02-08 23:53:33	0	6617
2019-02-08 23:53:33	1	6618
2019-02-08 23:53:33	0	6619
2019-02-08 23:53:33	1	6620
2019-02-08 23:53:33	0	6621
2019-02-08 23:53:33	1	6622
2019-02-08 23:53:33	0	6623
2019-02-08 23:53:33	0	6625
2019-02-08 23:53:33	0	6626
2019-02-08 23:53:33	0	6627
2019-02-08 23:53:33	0	6629
2019-02-08 23:53:33	1	6630
2019-02-08 23:53:33	0	6631
2019-02-08 23:53:33	0	6632
2019-02-08 23:53:33	0	6633
2019-02-08 23:53:33	1	6634
2019-02-08 23:53:33	1	6635
2019-02-08 23:53:33	0	6638
2019-02-08 23:53:33	1	6639
2019-02-08 23:53:33	0	6640
2019-02-08 23:53:33	0	6641
2019-02-08 23:53:33	0	6642
2019-02-08 23:53:33	0	6643
2019-02-08 23:53:33	1	6644
2019-02-08 23:53:33	0	6645
2019-02-08 23:53:33	1	6646
2019-02-08 23:53:33	1	6647
2019-02-08 23:53:33	1	6648
2019-02-08 23:53:33	0	6649
2019-02-08 23:53:33	1	6650
2019-02-08 23:53:33	1	6652
2019-02-08 23:53:33	0	6655
2019-02-08 23:53:33	0	6656
2019-02-08 23:53:33	0	6657
2019-02-08 23:53:33	1	6659
2019-02-08 23:53:33	0	6660
2019-02-08 23:53:33	1	6661
2019-02-08 23:53:33	1	6662
2019-02-08 23:53:33	1	6664
2019-02-08 23:53:33	0	6665
2019-02-08 23:53:33	1	6666
2019-02-08 23:53:33	1	6667
2019-02-08 23:53:33	0	6668
2019-02-08 23:53:33	1	6669
2019-02-08 23:53:33	1	6675
2019-02-08 23:53:33	1	6676
2019-02-08 23:53:33	1	6677
2019-02-08 23:53:33	1	6678
2019-02-08 23:53:33	1	6679
2019-02-08 23:53:33	0	6680
2019-02-08 23:53:33	0	6695
2019-02-08 23:53:33	0	6699
2019-02-08 23:53:33	1	6700
2019-02-08 23:53:33	1	6701
2019-02-08 23:53:33	1	6702
2019-02-08 23:53:33	1	6705
2019-02-08 23:53:33	1	6706
2019-02-08 23:53:33	0	6707
2019-02-08 23:53:33	0	6708
2019-02-08 23:53:33	1	6709
2019-02-08 23:53:33	0	6710
2019-02-08 23:53:33	1	6718
2019-02-08 23:53:33	1	6719
2019-02-08 23:53:33	1	6720
2019-02-08 23:53:33	1	6722
2019-02-08 23:53:33	1	6723
2019-02-08 23:53:33	1	6724
2019-02-08 23:53:33	1	6744
2019-02-08 23:53:33	1	6745
2019-02-08 23:53:33	1	6746
2019-02-08 23:53:33	1	6747
2019-02-08 23:53:33	1	6748
2019-02-08 23:53:33	0	6749
2019-02-08 23:53:33	0	6750
2019-02-08 23:53:33	1	6751
2019-02-08 23:53:33	0	6753
2019-02-08 23:53:33	0	6754
2019-02-08 23:53:33	1	6755
2019-02-08 23:53:33	0	6756
2019-02-08 23:53:33	0	6757
2019-02-08 23:53:33	0	6758
2019-02-08 23:53:33	0	6759
2019-02-08 23:53:33	1	6760
2019-02-08 23:53:33	0	6761
2019-02-08 23:53:33	1	6820
2019-02-08 23:53:33	1	6821
2019-02-08 23:53:33	1	6823
2019-02-08 23:53:33	1	6824
2019-02-08 23:53:33	0	6825
2019-02-08 23:53:33	0	6826
2019-02-08 23:53:33	1	6828
2019-02-08 23:53:33	1	6829
2019-02-08 23:53:33	1	6830
2019-02-08 23:53:33	0	6831
2019-02-08 23:53:33	0	6832
2019-02-08 23:53:33	0	6833
2019-02-08 23:53:33	0	6834
2019-02-08 23:53:33	1	6835
2019-02-08 23:53:33	1	6836
2019-02-08 23:53:33	0	6837
2019-02-08 23:53:33	1	6838
2019-02-08 23:53:33	0	6839
2019-02-08 23:53:33	0	6841
2019-02-08 23:53:33	0	6842
2019-02-08 23:53:33	1	6844
2019-02-08 23:53:33	0	6845
2019-02-08 23:53:33	0	6846
2019-02-08 23:53:33	0	6847
2019-02-08 23:53:33	0	6849
2019-02-08 23:53:33	0	6850
2019-02-08 23:53:33	0	6854
2019-02-08 23:53:33	0	6855
2019-02-08 23:53:33	0	6856
2019-02-08 23:53:33	0	6860
2019-02-08 23:53:33	0	6861
2019-02-08 23:53:33	0	6862
2019-02-08 23:53:33	0	6863
2019-02-08 23:53:33	0	6864
2019-02-08 23:53:33	0	6865
2019-02-08 23:53:33	0	6866
2019-02-08 23:53:33	0	6867
2019-02-08 23:53:33	1	6868
2019-02-08 23:53:33	0	6869
2019-02-08 23:53:33	0	6870
2019-02-08 23:53:33	0	6871
2019-02-08 23:53:33	0	6872
2019-02-08 23:53:33	0	6873
2019-02-08 23:53:33	0	6874
2019-02-08 23:53:33	0	6875
2019-02-08 23:53:33	0	6876
2019-02-08 23:53:33	0	6877
2019-02-08 23:53:33	0	6878
2019-02-08 23:53:33	0	6879
2019-02-08 23:53:33	0	6882
2019-02-08 23:53:33	0	6883
2019-02-08 23:53:33	1	6884
2019-02-08 23:53:33	0	6885
2019-02-08 23:53:33	0	6886
2019-02-08 23:53:33	0	6887
2019-02-08 23:53:33	0	6888
2019-02-08 23:53:33	0	6889
2019-02-08 23:53:33	0	6890
2019-02-08 23:53:33	0	6892
2019-02-08 23:53:33	0	6893
2019-02-08 23:53:33	0	6894
2019-02-08 23:53:33	0	6895
2019-02-08 23:53:33	0	6896
2019-02-08 23:53:33	0	6897
2019-02-08 23:53:33	0	6898
2019-02-08 23:53:33	0	6899
2019-02-08 23:53:33	0	6900
2019-02-08 23:53:33	0	6901
2019-02-08 23:53:33	1	6902
2019-02-08 23:53:33	0	6903
2019-02-08 23:53:33	0	6904
2019-02-08 23:53:33	0	6905
2019-02-08 23:53:33	0	6906
2019-02-08 23:53:33	0	6907
2019-02-08 23:53:33	0	6908
2019-02-08 23:53:33	0	6909
2019-02-08 23:53:33	1	6910
2019-02-08 23:53:33	0	6919
2019-02-08 23:53:33	0	6920
2019-02-08 23:53:33	0	6921
2019-02-08 23:53:33	1	6922
2019-02-08 23:53:33	1	6923
2019-02-08 23:53:33	0	7049
2019-02-08 23:53:33	0	7052
2019-02-08 23:53:33	0	7053
2019-02-08 23:53:33	1	7057
2019-02-08 23:53:33	0	7059
2019-02-08 23:53:33	0	7060
2019-02-08 23:53:33	0	7062
2019-02-08 23:53:33	0	7862
2019-02-08 23:53:33	1	7863
2019-02-08 23:53:33	1	7864
2019-02-08 23:53:33	1	7865
2019-02-08 23:53:33	1	7867
